7 225 7 257.1 12.1 257.1 12.1 225
85 130 85 157.1 97.1 157.1 97.1 130
125 43 125 89.1 140.1 89.1 140.1 43
220 116 220 119.1 266.1 119.1 266.1 116
15 203 15 229.1 15.1 229.1 15.1 203
121 167 121 211.1 143.1 211.1 143.1 167
46 12 46 32.1 83.1 32.1 83.1 12
227 75 227 113.1 275.1 113.1 275.1 75
118 155 118 182.1 131.1 182.1 131.1 155
207 49 207 55.1 242.1 55.1 242.1 49
226 108 226 153.1 261.1 153.1 261.1 108
101 44 101 62.1 112.1 62.1 112.1 44
163 5 163 18.1 178.1 18.1 178.1 5
62 90 62 102.1 68.1 102.1 68.1 90
242 107 242 148.1 283.1 148.1 283.1 107
42 142 42 149.1 86.1 149.1 86.1 142
12 225 12 272.1 55.1 272.1 55.1 225
77 9 77 40.1 113.1 40.1 113.1 9
189 264 189 267.1 203.1 267.1 203.1 264
17 74 17 114.1 46.1 114.1 46.1 74
231 36 231 71.1 278.1 71.1 278.1 36
98 234 98 280.1 132.1 280.1 132.1 234
108 239 108 266.1 149.1 266.1 149.1 239
192 77 192 104.1 209.1 104.1 209.1 77
130 171 130 191.1 136.1 191.1 136.1 171
218 65 218 71.1 227.1 71.1 227.1 65
130 116 130 136.1 141.1 136.1 141.1 116
100 263 100 298.1 103.1 298.1 103.1 263
205 75 205 106.1 230.1 106.1 230.1 75
196 195 196 218.1 220.1 218.1 220.1 195
44 241 44 247.1 73.1 247.1 73.1 241
31 30 31 62.1 67.1 62.1 67.1 30
203 179 203 200.1 229.1 200.1 229.1 179
79 199 79 234.1 103.1 234.1 103.1 199
238 63 238 110.1 277.1 110.1 277.1 63
188 97 188 97.1 232.1 97.1 232.1 97
193 252 193 289.1 208.1 289.1 208.1 252
251 251 251 280.1 272.1 280.1 272.1 251
191 15 191 29.1 205.1 29.1 205.1 15
76 51 76 77.1 82.1 77.1 82.1 51
99 31 99 32.1 136.1 32.1 136.1 31
226 91 226 93.1 246.1 93.1 246.1 91
172 109 172 150.1 193.1 150.1 193.1 109
248 31 248 62.1 266.1 62.1 266.1 31
74 184 74 215.1 96.1 215.1 96.1 184
178 264 178 307.1 195.1 307.1 195.1 264
110 47 110 49.1 126.1 49.1 126.1 47
64 166 64 198.1 90.1 198.1 90.1 166
40 20 40 57.1 76.1 57.1 76.1 20
204 69 204 97.1 247.1 97.1 247.1 69
168 106 168 107.1 203.1 107.1 203.1 106
37 34 37 61.1 77.1 61.1 77.1 34
70 218 70 231.1 104.1 231.1 104.1 218
45 188 45 188.1 75.1 188.1 75.1 188
216 160 216 160.1 219.1 160.1 219.1 160
37 238 37 254.1 75.1 254.1 75.1 238
97 215 97 217.1 118.1 217.1 118.1 215
220 53 220 62.1 221.1 62.1 221.1 53
190 150 190 154.1 201.1 154.1 201.1 150
203 193 203 241.1 206.1 241.1 206.1 193
189 171 189 199.1 190.1 199.1 190.1 171
173 87 173 135.1 181.1 135.1 181.1 87
43 62 43 108.1 56.1 108.1 56.1 62
218 15 218 63.1 222.1 63.1 222.1 15
29 38 29 42.1 37.1 42.1 37.1 38
20 180 20 193.1 33.1 193.1 33.1 180
129 255 129 295.1 156.1 295.1 156.1 255
65 140 65 180.1 113.1 180.1 113.1 140
99 95 99 141.1 105.1 141.1 105.1 95
244 162 244 194.1 254.1 194.1 254.1 162
127 206 127 234.1 170.1 234.1 170.1 206
81 113 81 146.1 126.1 146.1 126.1 113
158 152 158 194.1 166.1 194.1 166.1 152
192 190 192 207.1 195.1 207.1 195.1 190
157 196 157 234.1 168.1 234.1 168.1 196
183 260 183 268.1 205.1 268.1 205.1 260
67 26 67 31.1 101.1 31.1 101.1 26
33 158 33 191.1 51.1 191.1 51.1 158
143 29 143 69.1 186.1 69.1 186.1 29
168 217 168 258.1 175.1 258.1 175.1 217
14 111 14 123.1 24.1 123.1 24.1 111
135 230 135 241.1 162.1 241.1 162.1 230
217 170 217 190.1 225.1 190.1 225.1 170
222 237 222 264.1 261.1 264.1 261.1 237
142 242 142 243.1 176.1 243.1 176.1 242
177 17 177 48.1 215.1 48.1 215.1 17
257 107 257 151.1 285.1 151.1 285.1 107
133 163 133 195.1 155.1 195.1 155.1 163
164 80 164 114.1 187.1 114.1 187.1 80
229 66 229 109.1 243.1 109.1 243.1 66
210 34 210 61.1 246.1 61.1 246.1 34
141 103 141 107.1 150.1 107.1 150.1 103
47 244 47 279.1 89.1 279.1 89.1 244
221 142 221 159.1 236.1 159.1 236.1 142
174 157 174 200.1 187.1 200.1 187.1 157
66 221 66 237.1 76.1 237.1 76.1 221
209 115 209 146.1 215.1 146.1 215.1 115
31 146 31 151.1 69.1 151.1 69.1 146
53 176 53 185.1 101.1 185.1 101.1 176
43 230 43 268.1 78.1 268.1 78.1 230
157 78 157 85.1 184.1 85.1 184.1 78
182 3 182 47.1 202.1 47.1 202.1 3
213 208 213 209.1 222.1 209.1 222.1 208
98 108 98 155.1 135.1 155.1 135.1 108
15 0 15 10.1 36.1 10.1 36.1 0
105 103 105 108.1 133.1 108.1 133.1 103
243 134 243 139.1 259.1 139.1 259.1 134
255 57 255 94.1 276.1 94.1 276.1 57
213 162 213 180.1 246.1 180.1 246.1 162
152 85 152 87.1 198.1 87.1 198.1 85
253 105 253 135.1 266.1 135.1 266.1 105
226 215 226 215.1 235.1 215.1 235.1 215
95 78 95 84.1 115.1 84.1 115.1 78
39 8 39 23.1 72.1 23.1 72.1 8
72 138 72 174.1 120.1 174.1 120.1 138
257 203 257 225.1 299.1 225.1 299.1 203
99 218 99 247.1 139.1 247.1 139.1 218
191 71 191 76.1 237.1 76.1 237.1 71
93 111 93 130.1 135.1 130.1 135.1 111
189 222 189 249.1 196.1 249.1 196.1 222
253 147 253 169.1 289.1 169.1 289.1 147
133 128 133 141.1 179.1 141.1 179.1 128
23 127 23 146.1 60.1 146.1 60.1 127
172 194 172 225.1 186.1 225.1 186.1 194
124 50 124 84.1 164.1 84.1 164.1 50
1 34 1 63.1 28.1 63.1 28.1 34
44 46 44 58.1 49.1 58.1 49.1 46
205 68 205 111.1 213.1 111.1 213.1 68
258 193 258 208.1 301.1 208.1 301.1 193
138 204 138 246.1 151.1 246.1 151.1 204
224 21 224 36.1 267.1 36.1 267.1 21
13 99 13 132.1 33.1 132.1 33.1 99
245 217 245 225.1 283.1 225.1 283.1 217
136 241 136 269.1 181.1 269.1 181.1 241
88 247 88 295.1 104.1 295.1 104.1 247
86 133 86 157.1 103.1 157.1 103.1 133
161 175 161 217.1 167.1 217.1 167.1 175
0 144 0 148.1 33.1 148.1 33.1 144
259 120 259 153.1 305.1 153.1 305.1 120
98 221 98 227.1 101.1 227.1 101.1 221
30 160 30 186.1 30.1 186.1 30.1 160
1 194 1 224.1 11.1 224.1 11.1 194
157 169 157 192.1 205.1 192.1 205.1 169
204 126 204 137.1 233.1 137.1 233.1 126
31 47 31 78.1 56.1 78.1 56.1 47
166 71 166 75.1 191.1 75.1 191.1 71
166 179 166 204.1 211.1 204.1 211.1 179
153 171 153 204.1 153.1 204.1 153.1 171
8 182 8 229.1 39.1 229.1 39.1 182
181 45 181 74.1 219.1 74.1 219.1 45
46 12 46 35.1 58.1 35.1 58.1 12
156 200 156 230.1 202.1 230.1 202.1 200
29 196 29 227.1 38.1 227.1 38.1 196
51 257 51 288.1 82.1 288.1 82.1 257
43 35 43 61.1 89.1 61.1 89.1 35
248 235 248 269.1 249.1 269.1 249.1 235
239 131 239 168.1 262.1 168.1 262.1 131
40 215 40 262.1 79.1 262.1 79.1 215
41 81 41 92.1 52.1 92.1 52.1 81
156 87 156 113.1 175.1 113.1 175.1 87
177 245 177 265.1 186.1 265.1 186.1 245
235 222 235 267.1 250.1 267.1 250.1 222
249 220 249 253.1 284.1 253.1 284.1 220
40 241 40 258.1 57.1 258.1 57.1 241
111 54 111 79.1 138.1 79.1 138.1 54
178 66 178 105.1 181.1 105.1 181.1 66
39 97 39 132.1 57.1 132.1 57.1 97
138 148 138 167.1 149.1 167.1 149.1 148
189 153 189 154.1 218.1 154.1 218.1 153
89 112 89 137.1 129.1 137.1 129.1 112
25 142 25 164.1 34.1 164.1 34.1 142
243 146 243 186.1 260.1 186.1 260.1 146
17 17 17 56.1 26.1 56.1 26.1 17
170 63 170 91.1 170.1 91.1 170.1 63
7 83 7 101.1 30.1 101.1 30.1 83
17 126 17 168.1 54.1 168.1 54.1 126
134 212 134 240.1 164.1 240.1 164.1 212
184 179 184 208.1 210.1 208.1 210.1 179
8 51 8 79.1 28.1 79.1 28.1 51
36 91 36 118.1 72.1 118.1 72.1 91
74 18 74 27.1 108.1 27.1 108.1 18
101 170 101 204.1 109.1 204.1 109.1 170
101 17 101 64.1 127.1 64.1 127.1 17
46 113 46 155.1 55.1 155.1 55.1 113
233 91 233 110.1 270.1 110.1 270.1 91
183 93 183 130.1 213.1 130.1 213.1 93
4 40 4 41.1 30.1 41.1 30.1 40
97 22 97 34.1 101.1 34.1 101.1 22
80 23 80 23.1 109.1 23.1 109.1 23
237 194 237 207.1 277.1 207.1 277.1 194
59 103 59 142.1 70.1 142.1 70.1 103
175 216 175 243.1 183.1 243.1 183.1 216
219 241 219 264.1 234.1 264.1 234.1 241
238 26 238 30.1 267.1 30.1 267.1 26
210 82 210 119.1 255.1 119.1 255.1 82
17 111 17 143.1 33.1 143.1 33.1 111
160 178 160 200.1 178.1 200.1 178.1 178
206 128 206 146.1 234.1 146.1 234.1 128
204 243 204 288.1 249.1 288.1 249.1 243
79 127 79 135.1 117.1 135.1 117.1 127
95 105 95 138.1 123.1 138.1 123.1 105
79 73 79 115.1 95.1 115.1 95.1 73
207 201 207 222.1 223.1 222.1 223.1 201
24 213 24 241.1 35.1 241.1 35.1 213
188 103 188 115.1 191.1 115.1 191.1 103
205 52 205 59.1 245.1 59.1 245.1 52
239 25 239 30.1 273.1 30.1 273.1 25
106 178 106 217.1 152.1 217.1 152.1 178
127 210 127 241.1 144.1 241.1 144.1 210
100 129 100 151.1 118.1 151.1 118.1 129
38 239 38 267.1 74.1 267.1 74.1 239
174 88 174 109.1 181.1 109.1 181.1 88
157 239 157 264.1 158.1 264.1 158.1 239
218 237 218 256.1 245.1 256.1 245.1 237
162 127 162 167.1 162.1 167.1 162.1 127
230 67 230 67.1 241.1 67.1 241.1 67
105 248 105 282.1 128.1 282.1 128.1 248
152 90 152 111.1 193.1 111.1 193.1 90
256 256 256 269.1 277.1 269.1 277.1 256
219 90 219 94.1 243.1 94.1 243.1 90
205 163 205 196.1 226.1 196.1 226.1 163
151 155 151 175.1 162.1 175.1 162.1 155
142 12 142 23.1 184.1 23.1 184.1 12
169 97 169 122.1 205.1 122.1 205.1 97
133 139 133 148.1 136.1 148.1 136.1 139
50 251 50 277.1 87.1 277.1 87.1 251
14 221 14 237.1 48.1 237.1 48.1 221
235 45 235 92.1 257.1 92.1 257.1 45
193 184 193 184.1 237.1 184.1 237.1 184
254 220 254 260.1 288.1 260.1 288.1 220
57 208 57 248.1 59.1 248.1 59.1 208
42 25 42 43.1 64.1 43.1 64.1 25
52 133 52 175.1 67.1 175.1 67.1 133
133 147 133 156.1 168.1 156.1 168.1 147
209 104 209 128.1 238.1 128.1 238.1 104
96 76 96 102.1 119.1 102.1 119.1 76
135 107 135 124.1 174.1 124.1 174.1 107
78 53 78 89.1 103.1 89.1 103.1 53
163 9 163 46.1 194.1 46.1 194.1 9
249 203 249 221.1 279.1 221.1 279.1 203
98 251 98 255.1 121.1 255.1 121.1 251
25 4 25 27.1 43.1 27.1 43.1 4
128 103 128 136.1 161.1 136.1 161.1 103
208 155 208 173.1 254.1 173.1 254.1 155
119 4 119 15.1 141.1 15.1 141.1 4
83 123 83 147.1 93.1 147.1 93.1 123
133 17 133 50.1 168.1 50.1 168.1 17
261 247 261 283.1 302.1 283.1 302.1 247
94 142 94 187.1 103.1 187.1 103.1 142
29 24 29 45.1 35.1 45.1 35.1 24
97 137 97 161.1 121.1 161.1 121.1 137
13 70 13 101.1 27.1 101.1 27.1 70
176 51 176 74.1 187.1 74.1 187.1 51
227 17 227 24.1 244.1 24.1 244.1 17
154 15 154 26.1 176.1 26.1 176.1 15
2 129 2 163.1 4.1 163.1 4.1 129
15 76 15 76.1 39.1 76.1 39.1 76
165 148 165 186.1 199.1 186.1 199.1 148
141 97 141 98.1 161.1 98.1 161.1 97
76 193 76 198.1 120.1 198.1 120.1 193
114 263 114 270.1 141.1 270.1 141.1 263
68 33 68 37.1 75.1 37.1 75.1 33
194 17 194 42.1 227.1 42.1 227.1 17
248 106 248 125.1 295.1 125.1 295.1 106
58 29 58 51.1 78.1 51.1 78.1 29
30 250 30 250.1 33.1 250.1 33.1 250
129 10 129 32.1 137.1 32.1 137.1 10
25 141 25 168.1 41.1 168.1 41.1 141
211 137 211 172.1 233.1 172.1 233.1 137
117 240 117 250.1 152.1 250.1 152.1 240
84 18 84 30.1 126.1 30.1 126.1 18
53 113 53 144.1 74.1 144.1 74.1 113
24 95 24 136.1 70.1 136.1 70.1 95
248 101 248 113.1 266.1 113.1 266.1 101
169 83 169 83.1 188.1 83.1 188.1 83
222 26 222 74.1 241.1 74.1 241.1 26
50 190 50 232.1 92.1 232.1 92.1 190
171 34 171 62.1 208.1 62.1 208.1 34
47 242 47 259.1 95.1 259.1 95.1 242
46 252 46 265.1 79.1 265.1 79.1 252
25 183 25 205.1 48.1 205.1 48.1 183
183 34 183 34.1 207.1 34.1 207.1 34
126 48 126 79.1 139.1 79.1 139.1 48
10 34 10 53.1 45.1 53.1 45.1 34
225 256 225 266.1 270.1 266.1 270.1 256
204 26 204 48.1 219.1 48.1 219.1 26
254 170 254 170.1 300.1 170.1 300.1 170
191 121 191 139.1 223.1 139.1 223.1 121
87 26 87 29.1 106.1 29.1 106.1 26
99 167 99 184.1 133.1 184.1 133.1 167
46 105 46 122.1 79.1 122.1 79.1 105
66 71 66 100.1 114.1 100.1 114.1 71
57 181 57 185.1 94.1 185.1 94.1 181
203 240 203 244.1 222.1 244.1 222.1 240
64 256 64 260.1 82.1 260.1 82.1 256
77 156 77 190.1 100.1 190.1 100.1 156
162 215 162 218.1 175.1 218.1 175.1 215
87 167 87 181.1 101.1 181.1 101.1 167
216 262 216 305.1 243.1 305.1 243.1 262
239 156 239 166.1 241.1 166.1 241.1 156
218 117 218 155.1 243.1 155.1 243.1 117
4 134 4 175.1 33.1 175.1 33.1 134
251 212 251 245.1 252.1 245.1 252.1 212
47 216 47 229.1 47.1 229.1 47.1 216
129 172 129 202.1 134.1 202.1 134.1 172
162 64 162 110.1 178.1 110.1 178.1 64
190 104 190 139.1 230.1 139.1 230.1 104
140 27 140 75.1 161.1 75.1 161.1 27
88 162 88 202.1 125.1 202.1 125.1 162
44 98 44 127.1 88.1 127.1 88.1 98
148 254 148 294.1 185.1 294.1 185.1 254
86 84 86 88.1 132.1 88.1 132.1 84
81 45 81 93.1 95.1 93.1 95.1 45
237 238 237 258.1 252.1 258.1 252.1 238
1 7 1 17.1 33.1 17.1 33.1 7
5 234 5 263.1 28.1 263.1 28.1 234
27 48 27 61.1 71.1 61.1 71.1 48
55 10 55 52.1 78.1 52.1 78.1 10
201 246 201 251.1 233.1 251.1 233.1 246
95 155 95 201.1 131.1 201.1 131.1 155
173 171 173 171.1 199.1 171.1 199.1 171
44 142 44 177.1 78.1 177.1 78.1 142
102 166 102 184.1 134.1 184.1 134.1 166
253 253 253 263.1 281.1 263.1 281.1 253
114 146 114 167.1 146.1 167.1 146.1 146
9 206 9 220.1 35.1 220.1 35.1 206
204 64 204 96.1 207.1 96.1 207.1 64
49 193 49 194.1 57.1 194.1 57.1 193
229 162 229 182.1 261.1 182.1 261.1 162
5 100 5 113.1 37.1 113.1 37.1 100
0 182 0 213.1 16.1 213.1 16.1 182
28 183 28 197.1 57.1 197.1 57.1 183
209 226 209 273.1 239.1 273.1 239.1 226
140 68 140 98.1 160.1 98.1 160.1 68
82 153 82 166.1 127.1 166.1 127.1 153
131 202 131 236.1 136.1 236.1 136.1 202
202 218 202 255.1 228.1 255.1 228.1 218
258 63 258 83.1 277.1 83.1 277.1 63
148 142 148 163.1 155.1 163.1 155.1 142
197 217 197 255.1 243.1 255.1 243.1 217
130 86 130 113.1 145.1 113.1 145.1 86
102 162 102 200.1 132.1 200.1 132.1 162
147 130 147 177.1 157.1 177.1 157.1 130
215 169 215 185.1 255.1 185.1 255.1 169
42 201 42 216.1 45.1 216.1 45.1 201
39 247 39 254.1 43.1 254.1 43.1 247
27 195 27 234.1 71.1 234.1 71.1 195
194 178 194 179.1 196.1 179.1 196.1 178
19 93 19 99.1 49.1 99.1 49.1 93
224 40 224 73.1 224.1 73.1 224.1 40
49 65 49 106.1 80.1 106.1 80.1 65
54 130 54 139.1 63.1 139.1 63.1 130
14 257 14 289.1 59.1 289.1 59.1 257
237 26 237 71.1 249.1 71.1 249.1 26
163 40 163 77.1 204.1 77.1 204.1 40
220 18 220 34.1 254.1 34.1 254.1 18
100 210 100 213.1 113.1 213.1 113.1 210
38 185 38 205.1 76.1 205.1 76.1 185
238 103 238 141.1 255.1 141.1 255.1 103
160 56 160 99.1 182.1 99.1 182.1 56
246 260 246 296.1 279.1 296.1 279.1 260
204 157 204 186.1 208.1 186.1 208.1 157
120 152 120 188.1 123.1 188.1 123.1 152
89 239 89 278.1 127.1 278.1 127.1 239
61 206 61 251.1 66.1 251.1 66.1 206
224 74 224 86.1 270.1 86.1 270.1 74
237 185 237 210.1 240.1 210.1 240.1 185
138 99 138 147.1 138.1 147.1 138.1 99
239 38 239 49.1 283.1 49.1 283.1 38
214 52 214 91.1 255.1 91.1 255.1 52
70 204 70 212.1 94.1 212.1 94.1 204
201 65 201 65.1 227.1 65.1 227.1 65
209 80 209 124.1 250.1 124.1 250.1 80
160 134 160 176.1 181.1 176.1 181.1 134
200 88 200 95.1 217.1 95.1 217.1 88
165 179 165 220.1 209.1 220.1 209.1 179
212 97 212 112.1 236.1 112.1 236.1 97
35 24 35 71.1 52.1 71.1 52.1 24
17 98 17 102.1 41.1 102.1 41.1 98
25 78 25 101.1 51.1 101.1 51.1 78
60 193 60 236.1 93.1 236.1 93.1 193
66 60 66 62.1 111.1 62.1 111.1 60
18 46 18 50.1 53.1 50.1 53.1 46
85 224 85 271.1 130.1 271.1 130.1 224
60 79 60 105.1 86.1 105.1 86.1 79
43 184 43 191.1 68.1 191.1 68.1 184
180 150 180 173.1 192.1 173.1 192.1 150
36 197 36 243.1 45.1 243.1 45.1 197
7 36 7 50.1 34.1 50.1 34.1 36
179 36 179 70.1 207.1 70.1 207.1 36
83 173 83 207.1 92.1 207.1 92.1 173
51 253 51 297.1 84.1 297.1 84.1 253
120 211 120 246.1 166.1 246.1 166.1 211
222 92 222 125.1 231.1 125.1 231.1 92
117 20 117 33.1 156.1 33.1 156.1 20
33 125 33 146.1 33.1 146.1 33.1 125
128 167 128 192.1 151.1 192.1 151.1 167
130 218 130 224.1 175.1 224.1 175.1 218
171 122 171 146.1 189.1 146.1 189.1 122
258 20 258 26.1 269.1 26.1 269.1 20
253 116 253 161.1 281.1 161.1 281.1 116
215 129 215 142.1 250.1 142.1 250.1 129
194 171 194 175.1 230.1 175.1 230.1 171
132 37 132 50.1 148.1 50.1 148.1 37
181 36 181 54.1 189.1 54.1 189.1 36
98 33 98 34.1 125.1 34.1 125.1 33
195 211 195 226.1 202.1 226.1 202.1 211
11 211 11 230.1 27.1 230.1 27.1 211
43 249 43 287.1 91.1 287.1 91.1 249
46 264 46 286.1 81.1 286.1 81.1 264
84 16 84 45.1 104.1 45.1 104.1 16
13 8 13 16.1 60.1 16.1 60.1 8
215 31 215 59.1 254.1 59.1 254.1 31
60 106 60 107.1 88.1 107.1 88.1 106
95 161 95 193.1 132.1 193.1 132.1 161
173 49 173 54.1 185.1 54.1 185.1 49
88 236 88 250.1 133.1 250.1 133.1 236
210 221 210 234.1 211.1 234.1 211.1 221
70 41 70 79.1 90.1 79.1 90.1 41
137 22 137 32.1 168.1 32.1 168.1 22
144 245 144 288.1 153.1 288.1 153.1 245
234 78 234 98.1 237.1 98.1 237.1 78
25 153 25 157.1 49.1 157.1 49.1 153
84 3 84 39.1 104.1 39.1 104.1 3
181 219 181 253.1 226.1 253.1 226.1 219
85 94 85 109.1 132.1 109.1 132.1 94
168 17 168 29.1 174.1 29.1 174.1 17
224 53 224 62.1 267.1 62.1 267.1 53
242 156 242 170.1 265.1 170.1 265.1 156
36 261 36 293.1 62.1 293.1 62.1 261
186 117 186 152.1 203.1 152.1 203.1 117
122 126 122 163.1 124.1 163.1 124.1 126
249 209 249 232.1 257.1 232.1 257.1 209
72 254 72 271.1 85.1 271.1 85.1 254
236 34 236 37.1 239.1 37.1 239.1 34
30 108 30 129.1 62.1 129.1 62.1 108
55 252 55 277.1 57.1 277.1 57.1 252
213 184 213 207.1 230.1 207.1 230.1 184
176 37 176 55.1 219.1 55.1 219.1 37
115 155 115 200.1 163.1 200.1 163.1 155
155 109 155 136.1 201.1 136.1 201.1 109
193 81 193 91.1 225.1 91.1 225.1 81
127 106 127 111.1 155.1 111.1 155.1 106
232 28 232 53.1 233.1 53.1 233.1 28
82 212 82 251.1 103.1 251.1 103.1 212
231 149 231 153.1 242.1 153.1 242.1 149
127 225 127 233.1 173.1 233.1 173.1 225
149 120 149 155.1 151.1 155.1 151.1 120
171 81 171 105.1 187.1 105.1 187.1 81
212 86 212 101.1 253.1 101.1 253.1 86
72 190 72 196.1 112.1 196.1 112.1 190
116 30 116 45.1 130.1 45.1 130.1 30
115 181 115 194.1 122.1 194.1 122.1 181
61 145 61 172.1 96.1 172.1 96.1 145
111 105 111 150.1 114.1 150.1 114.1 105
198 213 198 252.1 223.1 252.1 223.1 213
27 57 27 78.1 64.1 78.1 64.1 57
122 64 122 72.1 135.1 72.1 135.1 64
54 149 54 197.1 73.1 197.1 73.1 149
185 97 185 127.1 199.1 127.1 199.1 97
52 45 52 66.1 89.1 66.1 89.1 45
258 259 258 260.1 282.1 260.1 282.1 259
48 90 48 130.1 95.1 130.1 95.1 90
91 227 91 234.1 97.1 234.1 97.1 227
180 170 180 195.1 221.1 195.1 221.1 170
207 220 207 245.1 227.1 245.1 227.1 220
110 81 110 129.1 112.1 129.1 112.1 81
63 37 63 66.1 86.1 66.1 86.1 37
101 50 101 53.1 144.1 53.1 144.1 50
110 191 110 201.1 155.1 201.1 155.1 191
212 49 212 67.1 216.1 67.1 216.1 49
110 27 110 51.1 126.1 51.1 126.1 27
0 72 0 93.1 27.1 93.1 27.1 72
227 221 227 264.1 245.1 264.1 245.1 221
35 165 35 202.1 37.1 202.1 37.1 165
11 188 11 190.1 14.1 190.1 14.1 188
208 183 208 190.1 214.1 190.1 214.1 183
25 244 25 275.1 42.1 275.1 42.1 244
142 209 142 210.1 179.1 210.1 179.1 209
8 136 8 162.1 40.1 162.1 40.1 136
144 69 144 93.1 177.1 93.1 177.1 69
57 124 57 143.1 88.1 143.1 88.1 124
78 146 78 183.1 82.1 183.1 82.1 146
227 101 227 127.1 258.1 127.1 258.1 101
260 203 260 218.1 298.1 218.1 298.1 203
169 145 169 153.1 193.1 153.1 193.1 145
50 88 50 105.1 89.1 105.1 89.1 88
111 255 111 269.1 117.1 269.1 117.1 255
213 91 213 124.1 256.1 124.1 256.1 91
232 259 232 296.1 240.1 296.1 240.1 259
154 158 154 204.1 159.1 204.1 159.1 158
165 154 165 168.1 209.1 168.1 209.1 154
243 66 243 70.1 262.1 70.1 262.1 66
59 2 59 7.1 84.1 7.1 84.1 2
42 164 42 192.1 85.1 192.1 85.1 164
25 68 25 76.1 70.1 76.1 70.1 68
2 48 2 89.1 3.1 89.1 3.1 48
124 178 124 194.1 145.1 194.1 145.1 178
123 200 123 231.1 125.1 231.1 125.1 200
264 97 264 114.1 275.1 114.1 275.1 97
161 222 161 255.1 209.1 255.1 209.1 222
143 39 143 87.1 168.1 87.1 168.1 39
140 261 140 268.1 156.1 268.1 156.1 261
96 51 96 64.1 110.1 64.1 110.1 51
82 52 82 83.1 85.1 83.1 85.1 52
124 179 124 213.1 151.1 213.1 151.1 179
220 259 220 282.1 234.1 282.1 234.1 259
228 131 228 155.1 229.1 155.1 229.1 131
26 30 26 45.1 36.1 45.1 36.1 30
163 190 163 222.1 181.1 222.1 181.1 190
110 188 110 230.1 114.1 230.1 114.1 188
58 236 58 249.1 95.1 249.1 95.1 236
176 246 176 263.1 207.1 263.1 207.1 246
49 50 49 93.1 70.1 93.1 70.1 50
159 147 159 178.1 196.1 178.1 196.1 147
141 57 141 105.1 179.1 105.1 179.1 57
51 166 51 178.1 79.1 178.1 79.1 166
247 35 247 72.1 247.1 72.1 247.1 35
247 171 247 189.1 279.1 189.1 279.1 171
70 72 70 89.1 96.1 89.1 96.1 72
166 6 166 37.1 180.1 37.1 180.1 6
180 76 180 96.1 190.1 96.1 190.1 76
233 217 233 230.1 242.1 230.1 242.1 217
245 143 245 161.1 257.1 161.1 257.1 143
232 4 232 12.1 234.1 12.1 234.1 4
36 17 36 24.1 47.1 24.1 47.1 17
140 260 140 277.1 157.1 277.1 157.1 260
222 42 222 56.1 269.1 56.1 269.1 42
171 122 171 135.1 173.1 135.1 173.1 122
71 171 71 178.1 73.1 178.1 73.1 171
73 68 73 113.1 95.1 113.1 95.1 68
185 110 185 144.1 194.1 144.1 194.1 110
2 114 2 153.1 50.1 153.1 50.1 114
35 160 35 186.1 69.1 186.1 69.1 160
48 151 48 197.1 58.1 197.1 58.1 151
240 36 240 59.1 269.1 59.1 269.1 36
41 181 41 189.1 75.1 189.1 75.1 181
124 252 124 260.1 155.1 260.1 155.1 252
36 198 36 213.1 75.1 213.1 75.1 198
203 66 203 67.1 237.1 67.1 237.1 66
206 70 206 79.1 218.1 79.1 218.1 70
208 18 208 52.1 244.1 52.1 244.1 18
171 212 171 237.1 176.1 237.1 176.1 212
153 136 153 172.1 189.1 172.1 189.1 136
150 178 150 199.1 188.1 199.1 188.1 178
19 181 19 223.1 58.1 223.1 58.1 181
30 90 30 114.1 56.1 114.1 56.1 90
225 174 225 193.1 253.1 193.1 253.1 174
77 222 77 265.1 118.1 265.1 118.1 222
257 115 257 117.1 294.1 117.1 294.1 115
10 66 10 67.1 18.1 67.1 18.1 66
173 185 173 223.1 176.1 223.1 176.1 185
103 122 103 170.1 127.1 170.1 127.1 122
20 121 20 158.1 22.1 158.1 22.1 121
24 39 24 71.1 57.1 71.1 57.1 39
222 170 222 187.1 259.1 187.1 259.1 170
221 43 221 66.1 263.1 66.1 263.1 43
137 115 137 130.1 138.1 130.1 138.1 115
93 127 93 135.1 131.1 135.1 131.1 127
89 208 89 240.1 92.1 240.1 92.1 208
115 218 115 218.1 130.1 218.1 130.1 218
74 127 74 138.1 82.1 138.1 82.1 127
137 217 137 245.1 141.1 245.1 141.1 217
67 116 67 127.1 85.1 127.1 85.1 116
0 241 0 257.1 35.1 257.1 35.1 241
167 179 167 183.1 205.1 183.1 205.1 179
44 53 44 59.1 59.1 59.1 59.1 53
222 160 222 164.1 229.1 164.1 229.1 160
26 252 26 272.1 68.1 272.1 68.1 252
46 223 46 266.1 67.1 266.1 67.1 223
13 184 13 214.1 50.1 214.1 50.1 184
51 91 51 122.1 72.1 122.1 72.1 91
40 221 40 223.1 50.1 223.1 50.1 221
78 252 78 254.1 86.1 254.1 86.1 252
250 146 250 186.1 274.1 186.1 274.1 146
215 91 215 101.1 247.1 101.1 247.1 91
251 250 251 276.1 287.1 276.1 287.1 250
232 225 232 260.1 250.1 260.1 250.1 225
25 126 25 138.1 55.1 138.1 55.1 126
51 131 51 159.1 91.1 159.1 91.1 131
42 261 42 262.1 73.1 262.1 73.1 261
236 127 236 130.1 251.1 130.1 251.1 127
217 115 217 148.1 236.1 148.1 236.1 115
149 49 149 74.1 150.1 74.1 150.1 49
40 100 40 109.1 79.1 109.1 79.1 100
131 145 131 173.1 169.1 173.1 169.1 145
26 208 26 248.1 74.1 248.1 74.1 208
108 235 108 267.1 146.1 267.1 146.1 235
118 42 118 73.1 128.1 73.1 128.1 42
198 13 198 32.1 233.1 32.1 233.1 13
59 39 59 79.1 72.1 79.1 72.1 39
128 249 128 284.1 131.1 284.1 131.1 249
246 236 246 254.1 275.1 254.1 275.1 236
218 145 218 157.1 262.1 157.1 262.1 145
126 197 126 215.1 170.1 215.1 170.1 197
43 192 43 214.1 82.1 214.1 82.1 192
93 259 93 262.1 121.1 262.1 121.1 259
9 41 9 77.1 24.1 77.1 24.1 41
104 94 104 107.1 148.1 107.1 148.1 94
218 189 218 222.1 246.1 222.1 246.1 189
139 169 139 183.1 146.1 183.1 146.1 169
158 264 158 283.1 173.1 283.1 173.1 264
109 15 109 23.1 130.1 23.1 130.1 15
207 207 207 223.1 226.1 223.1 226.1 207
242 21 242 53.1 244.1 53.1 244.1 21
29 257 29 304.1 74.1 304.1 74.1 257
225 258 225 261.1 266.1 261.1 266.1 258
31 115 31 157.1 65.1 157.1 65.1 115
110 61 110 87.1 141.1 87.1 141.1 61
71 4 71 26.1 111.1 26.1 111.1 4
148 249 148 272.1 180.1 272.1 180.1 249
165 139 165 187.1 171.1 187.1 171.1 139
237 137 237 140.1 264.1 140.1 264.1 137
218 99 218 143.1 258.1 143.1 258.1 99
55 181 55 215.1 67.1 215.1 67.1 181
64 189 64 225.1 71.1 225.1 71.1 189
244 230 244 237.1 276.1 237.1 276.1 230
144 181 144 198.1 171.1 198.1 171.1 181
264 254 264 281.1 295.1 281.1 295.1 254
110 164 110 169.1 132.1 169.1 132.1 164
223 246 223 291.1 261.1 291.1 261.1 246
0 218 0 238.1 38.1 238.1 38.1 218
260 141 260 151.1 286.1 151.1 286.1 141
62 207 62 245.1 77.1 245.1 77.1 207
199 191 199 224.1 212.1 224.1 212.1 191
216 25 216 73.1 251.1 73.1 251.1 25
245 36 245 40.1 284.1 40.1 284.1 36
124 124 124 157.1 152.1 157.1 152.1 124
73 209 73 218.1 79.1 218.1 79.1 209
172 218 172 259.1 185.1 259.1 185.1 218
195 253 195 273.1 237.1 273.1 237.1 253
133 93 133 93.1 151.1 93.1 151.1 93
246 38 246 39.1 294.1 39.1 294.1 38
218 109 218 114.1 246.1 114.1 246.1 109
70 43 70 88.1 96.1 88.1 96.1 43
41 72 41 73.1 75.1 73.1 75.1 72
101 13 101 53.1 117.1 53.1 117.1 13
26 254 26 286.1 49.1 286.1 49.1 254
102 109 102 140.1 120.1 140.1 120.1 109
228 254 228 283.1 267.1 283.1 267.1 254
172 185 172 187.1 214.1 187.1 214.1 185
68 248 68 294.1 78.1 294.1 78.1 248
263 131 263 171.1 307.1 171.1 307.1 131
191 259 191 307.1 213.1 307.1 213.1 259
167 78 167 106.1 194.1 106.1 194.1 78
40 97 40 109.1 56.1 109.1 56.1 97
245 209 245 247.1 288.1 247.1 288.1 209
91 111 91 121.1 129.1 121.1 129.1 111
196 96 196 108.1 229.1 108.1 229.1 96
157 134 157 138.1 189.1 138.1 189.1 134
147 77 147 117.1 181.1 117.1 181.1 77
28 138 28 159.1 32.1 159.1 32.1 138
238 45 238 83.1 242.1 83.1 242.1 45
193 72 193 89.1 217.1 89.1 217.1 72
149 83 149 121.1 186.1 121.1 186.1 83
187 223 187 232.1 188.1 232.1 188.1 223
142 217 142 248.1 178.1 248.1 178.1 217
122 217 122 246.1 155.1 246.1 155.1 217
69 192 69 238.1 73.1 238.1 73.1 192
113 85 113 87.1 150.1 87.1 150.1 85
26 151 26 173.1 45.1 173.1 45.1 151
197 264 197 291.1 235.1 291.1 235.1 264
142 207 142 224.1 164.1 224.1 164.1 207
10 185 10 225.1 40.1 225.1 40.1 185
0 37 0 61.1 13.1 61.1 13.1 37
3 46 3 58.1 22.1 58.1 22.1 46
264 125 264 163.1 280.1 163.1 280.1 125
198 54 198 83.1 230.1 83.1 230.1 54
190 125 190 134.1 216.1 134.1 216.1 125
191 38 191 85.1 199.1 85.1 199.1 38
43 230 43 242.1 77.1 242.1 77.1 230
26 68 26 103.1 74.1 103.1 74.1 68
231 121 231 141.1 240.1 141.1 240.1 121
86 117 86 140.1 88.1 140.1 88.1 117
95 0 95 28.1 96.1 28.1 96.1 0
126 165 126 203.1 171.1 203.1 171.1 165
254 15 254 15.1 298.1 15.1 298.1 15
125 72 125 84.1 145.1 84.1 145.1 72
19 165 19 185.1 29.1 185.1 29.1 165
123 160 123 169.1 170.1 169.1 170.1 160
154 259 154 307.1 176.1 307.1 176.1 259
103 78 103 94.1 138.1 94.1 138.1 78
19 164 19 187.1 33.1 187.1 33.1 164
8 144 8 165.1 32.1 165.1 32.1 144
253 260 253 294.1 272.1 294.1 272.1 260
30 130 30 161.1 43.1 161.1 43.1 130
255 215 255 216.1 266.1 216.1 266.1 215
167 228 167 262.1 210.1 262.1 210.1 228
26 86 26 86.1 38.1 86.1 38.1 86
199 135 199 154.1 229.1 154.1 229.1 135
175 262 175 304.1 198.1 304.1 198.1 262
233 30 233 55.1 269.1 55.1 269.1 30
215 162 215 193.1 241.1 193.1 241.1 162
224 148 224 190.1 225.1 190.1 225.1 148
23 55 23 89.1 69.1 89.1 69.1 55
148 183 148 220.1 173.1 220.1 173.1 183
51 74 51 113.1 52.1 113.1 52.1 74
132 93 132 103.1 162.1 103.1 162.1 93
161 191 161 212.1 169.1 212.1 169.1 191
115 250 115 269.1 152.1 269.1 152.1 250
26 106 26 150.1 65.1 150.1 65.1 106
18 50 18 54.1 33.1 54.1 33.1 50
230 139 230 150.1 233.1 150.1 233.1 139
65 218 65 257.1 111.1 257.1 111.1 218
108 170 108 193.1 109.1 193.1 109.1 170
200 121 200 138.1 217.1 138.1 217.1 121
28 185 28 223.1 31.1 223.1 31.1 185
96 99 96 126.1 101.1 126.1 101.1 99
166 167 166 209.1 176.1 209.1 176.1 167
146 116 146 145.1 165.1 145.1 165.1 116
187 160 187 172.1 229.1 172.1 229.1 160
163 112 163 126.1 198.1 126.1 198.1 112
165 149 165 155.1 166.1 155.1 166.1 149
204 4 204 41.1 250.1 41.1 250.1 4
228 172 228 195.1 239.1 195.1 239.1 172
169 112 169 159.1 189.1 159.1 189.1 112
209 44 209 55.1 225.1 55.1 225.1 44
123 212 123 229.1 130.1 229.1 130.1 212
33 30 33 66.1 68.1 66.1 68.1 30
12 137 12 140.1 48.1 140.1 48.1 137
214 176 214 191.1 216.1 191.1 216.1 176
19 98 19 145.1 25.1 145.1 25.1 98
14 82 14 124.1 44.1 124.1 44.1 82
80 144 80 154.1 95.1 154.1 95.1 144
257 26 257 29.1 295.1 29.1 295.1 26
26 134 26 154.1 54.1 154.1 54.1 134
77 184 77 206.1 91.1 206.1 91.1 184
253 21 253 38.1 267.1 38.1 267.1 21
244 144 244 145.1 247.1 145.1 247.1 144
149 220 149 236.1 171.1 236.1 171.1 220
101 112 101 122.1 142.1 122.1 142.1 112
35 63 35 71.1 55.1 71.1 55.1 63
249 84 249 106.1 278.1 106.1 278.1 84
171 126 171 154.1 171.1 154.1 171.1 126
157 143 157 178.1 177.1 178.1 177.1 143
216 150 216 198.1 231.1 198.1 231.1 150
43 157 43 198.1 47.1 198.1 47.1 157
54 146 54 157.1 62.1 157.1 62.1 146
73 95 73 142.1 80.1 142.1 80.1 95
32 171 32 183.1 34.1 183.1 34.1 171
180 235 180 260.1 224.1 260.1 224.1 235
21 229 21 269.1 51.1 269.1 51.1 229
175 256 175 258.1 197.1 258.1 197.1 256
229 68 229 73.1 257.1 73.1 257.1 68
189 174 189 208.1 195.1 208.1 195.1 174
29 157 29 181.1 52.1 181.1 52.1 157
190 84 190 90.1 234.1 90.1 234.1 84
79 44 79 61.1 82.1 61.1 82.1 44
224 198 224 229.1 252.1 229.1 252.1 198
36 131 36 177.1 43.1 177.1 43.1 131
240 68 240 104.1 273.1 104.1 273.1 68
261 28 261 69.1 293.1 69.1 293.1 28
28 194 28 223.1 41.1 223.1 41.1 194
21 123 21 128.1 28.1 128.1 28.1 123
104 224 104 254.1 114.1 254.1 114.1 224
232 87 232 112.1 277.1 112.1 277.1 87
223 3 223 35.1 225.1 35.1 225.1 3
65 153 65 182.1 75.1 182.1 75.1 153
150 66 150 92.1 192.1 92.1 192.1 66
202 79 202 114.1 223.1 114.1 223.1 79
14 251 14 288.1 36.1 288.1 36.1 251
49 81 49 109.1 91.1 109.1 91.1 81
227 257 227 298.1 266.1 298.1 266.1 257
42 255 42 296.1 52.1 296.1 52.1 255
177 102 177 138.1 201.1 138.1 201.1 102
220 181 220 189.1 256.1 189.1 256.1 181
123 93 123 132.1 126.1 132.1 126.1 93
140 205 140 205.1 145.1 205.1 145.1 205
247 200 247 222.1 275.1 222.1 275.1 200
20 119 20 143.1 23.1 143.1 23.1 119
222 78 222 105.1 234.1 105.1 234.1 78
99 22 99 41.1 140.1 41.1 140.1 22
15 174 15 209.1 51.1 209.1 51.1 174
79 256 79 277.1 83.1 277.1 83.1 256
8 240 8 284.1 51.1 284.1 51.1 240
215 247 215 263.1 247.1 263.1 247.1 247
190 57 190 91.1 230.1 91.1 230.1 57
90 227 90 261.1 131.1 261.1 131.1 227
100 116 100 151.1 131.1 151.1 131.1 116
245 175 245 210.1 251.1 210.1 251.1 175
117 252 117 297.1 164.1 297.1 164.1 252
225 143 225 159.1 256.1 159.1 256.1 143
51 198 51 214.1 94.1 214.1 94.1 198
228 47 228 68.1 261.1 68.1 261.1 47
135 97 135 117.1 151.1 117.1 151.1 97
108 129 108 135.1 146.1 135.1 146.1 129
215 225 215 234.1 237.1 234.1 237.1 225
61 206 61 249.1 86.1 249.1 86.1 206
73 241 73 244.1 115.1 244.1 115.1 241
130 249 130 284.1 178.1 284.1 178.1 249
59 21 59 43.1 103.1 43.1 103.1 21
171 40 171 77.1 200.1 77.1 200.1 40
128 189 128 212.1 138.1 212.1 138.1 189
233 90 233 131.1 281.1 131.1 281.1 90
139 257 139 295.1 154.1 295.1 154.1 257
98 15 98 48.1 99.1 48.1 99.1 15
126 155 126 182.1 160.1 182.1 160.1 155
101 63 101 77.1 123.1 77.1 123.1 63
1 193 1 237.1 16.1 237.1 16.1 193
246 252 246 273.1 284.1 273.1 284.1 252
253 105 253 137.1 257.1 137.1 257.1 105
239 213 239 221.1 278.1 221.1 278.1 213
0 224 0 229.1 2.1 229.1 2.1 224
50 69 50 107.1 50.1 107.1 50.1 69
99 229 99 235.1 143.1 235.1 143.1 229
16 171 16 199.1 40.1 199.1 40.1 171
80 41 80 44.1 105.1 44.1 105.1 41
22 29 22 56.1 52.1 56.1 52.1 29
106 22 106 24.1 135.1 24.1 135.1 22
50 139 50 184.1 65.1 184.1 65.1 139
136 153 136 199.1 152.1 199.1 152.1 153
36 229 36 250.1 78.1 250.1 78.1 229
50 146 50 180.1 76.1 180.1 76.1 146
15 97 15 129.1 63.1 129.1 63.1 97
192 210 192 245.1 219.1 245.1 219.1 210
263 224 263 227.1 288.1 227.1 288.1 224
119 240 119 273.1 141.1 273.1 141.1 240
236 239 236 250.1 237.1 250.1 237.1 239
76 192 76 204.1 76.1 204.1 76.1 192
82 247 82 248.1 107.1 248.1 107.1 247
47 5 47 5.1 82.1 5.1 82.1 5
36 99 36 144.1 67.1 144.1 67.1 99
40 82 40 129.1 87.1 129.1 87.1 82
192 247 192 283.1 229.1 283.1 229.1 247
109 20 109 33.1 128.1 33.1 128.1 20
247 45 247 65.1 273.1 65.1 273.1 45
3 132 3 167.1 14.1 167.1 14.1 132
122 207 122 243.1 124.1 243.1 124.1 207
1 184 1 224.1 17.1 224.1 17.1 184
177 214 177 227.1 220.1 227.1 220.1 214
81 8 81 32.1 124.1 32.1 124.1 8
180 40 180 55.1 209.1 55.1 209.1 40
149 43 149 53.1 177.1 53.1 177.1 43
16 93 16 126.1 46.1 126.1 46.1 93
216 83 216 117.1 251.1 117.1 251.1 83
207 32 207 75.1 231.1 75.1 231.1 32
74 3 74 5.1 94.1 5.1 94.1 3
260 107 260 146.1 287.1 146.1 287.1 107
103 36 103 70.1 136.1 70.1 136.1 36
244 95 244 136.1 255.1 136.1 255.1 95
71 73 71 74.1 96.1 74.1 96.1 73
194 57 194 97.1 207.1 97.1 207.1 57
139 42 139 69.1 187.1 69.1 187.1 42
182 33 182 33.1 221.1 33.1 221.1 33
91 176 91 177.1 93.1 177.1 93.1 176
140 40 140 72.1 156.1 72.1 156.1 40
84 183 84 184.1 106.1 184.1 106.1 183
101 105 101 142.1 124.1 142.1 124.1 105
134 59 134 99.1 159.1 99.1 159.1 59
131 244 131 267.1 158.1 267.1 158.1 244
64 225 64 272.1 82.1 272.1 82.1 225
123 1 123 20.1 155.1 20.1 155.1 1
176 132 176 178.1 180.1 178.1 180.1 132
170 86 170 111.1 188.1 111.1 188.1 86
58 147 58 167.1 72.1 167.1 72.1 147
217 9 217 23.1 233.1 23.1 233.1 9
128 61 128 97.1 163.1 97.1 163.1 61
129 216 129 246.1 158.1 246.1 158.1 216
239 229 239 231.1 284.1 231.1 284.1 229
112 219 112 235.1 118.1 235.1 118.1 219
127 10 127 38.1 155.1 38.1 155.1 10
232 6 232 22.1 252.1 22.1 252.1 6
242 243 242 276.1 267.1 276.1 267.1 243
105 208 105 228.1 117.1 228.1 117.1 208
187 57 187 61.1 192.1 61.1 192.1 57
134 50 134 69.1 162.1 69.1 162.1 50
248 72 248 72.1 294.1 72.1 294.1 72
97 123 97 131.1 115.1 131.1 115.1 123
211 239 211 246.1 257.1 246.1 257.1 239
227 225 227 247.1 274.1 247.1 274.1 225
153 49 153 84.1 184.1 84.1 184.1 49
257 161 257 192.1 297.1 192.1 297.1 161
69 10 69 38.1 81.1 38.1 81.1 10
155 49 155 51.1 162.1 51.1 162.1 49
162 115 162 119.1 186.1 119.1 186.1 115
227 138 227 143.1 232.1 143.1 232.1 138
175 89 175 105.1 210.1 105.1 210.1 89
134 223 134 262.1 168.1 262.1 168.1 223
45 37 45 70.1 48.1 70.1 48.1 37
6 215 6 252.1 31.1 252.1 31.1 215
25 247 25 290.1 66.1 290.1 66.1 247
10 24 10 33.1 25.1 33.1 25.1 24
81 20 81 20.1 89.1 20.1 89.1 20
140 114 140 149.1 176.1 149.1 176.1 114
50 46 50 60.1 80.1 60.1 80.1 46
103 261 103 269.1 136.1 269.1 136.1 261
27 170 27 190.1 51.1 190.1 51.1 170
217 14 217 52.1 229.1 52.1 229.1 14
149 174 149 211.1 169.1 211.1 169.1 174
15 23 15 70.1 55.1 70.1 55.1 23
214 15 214 51.1 258.1 51.1 258.1 15
189 26 189 54.1 237.1 54.1 237.1 26
214 106 214 139.1 216.1 139.1 216.1 106
210 256 210 276.1 221.1 276.1 221.1 256
114 258 114 272.1 144.1 272.1 144.1 258
235 110 235 111.1 258.1 111.1 258.1 110
188 211 188 217.1 203.1 217.1 203.1 211
106 192 106 193.1 109.1 193.1 109.1 192
118 204 118 224.1 118.1 224.1 118.1 204
261 95 261 105.1 265.1 105.1 265.1 95
204 108 204 117.1 204.1 117.1 204.1 108
78 94 78 121.1 116.1 121.1 116.1 94
2 52 2 79.1 8.1 79.1 8.1 52
105 21 105 51.1 113.1 51.1 113.1 21
190 121 190 149.1 199.1 149.1 199.1 121
48 196 48 217.1 56.1 217.1 56.1 196
94 219 94 257.1 121.1 257.1 121.1 219
264 63 264 110.1 274.1 110.1 274.1 63
66 108 66 132.1 99.1 132.1 99.1 108
193 9 193 15.1 207.1 15.1 207.1 9
183 119 183 166.1 207.1 166.1 207.1 119
21 97 21 140.1 68.1 140.1 68.1 97
226 9 226 51.1 262.1 51.1 262.1 9
106 168 106 174.1 109.1 174.1 109.1 168
231 47 231 78.1 243.1 78.1 243.1 47
74 181 74 202.1 121.1 202.1 121.1 181
175 13 175 59.1 195.1 59.1 195.1 13
138 221 138 235.1 160.1 235.1 160.1 221
101 108 101 155.1 128.1 155.1 128.1 108
27 117 27 160.1 40.1 160.1 40.1 117
23 67 23 93.1 50.1 93.1 50.1 67
157 55 157 79.1 199.1 79.1 199.1 55
191 12 191 30.1 208.1 30.1 208.1 12
192 99 192 116.1 224.1 116.1 224.1 99
77 87 77 107.1 89.1 107.1 89.1 87
45 211 45 246.1 75.1 246.1 75.1 211
40 136 40 168.1 54.1 168.1 54.1 136
44 210 44 242.1 89.1 242.1 89.1 210
185 64 185 75.1 226.1 75.1 226.1 64
58 84 58 91.1 87.1 91.1 87.1 84
188 217 188 253.1 215.1 253.1 215.1 217
156 167 156 173.1 177.1 173.1 177.1 167
241 67 241 70.1 251.1 70.1 251.1 67
62 122 62 162.1 108.1 162.1 108.1 122
169 164 169 209.1 184.1 209.1 184.1 164
32 58 32 96.1 32.1 96.1 32.1 58
136 239 136 242.1 145.1 242.1 145.1 239
82 70 82 70.1 115.1 70.1 115.1 70
83 103 83 148.1 129.1 148.1 129.1 103
0 189 0 191.1 22.1 191.1 22.1 189
220 201 220 211.1 252.1 211.1 252.1 201
161 214 161 258.1 172.1 258.1 172.1 214
198 238 198 268.1 226.1 268.1 226.1 238
116 223 116 229.1 149.1 229.1 149.1 223
124 83 124 84.1 150.1 84.1 150.1 83
168 203 168 248.1 184.1 248.1 184.1 203
115 241 115 267.1 125.1 267.1 125.1 241
184 164 184 185.1 208.1 185.1 208.1 164
160 226 160 249.1 160.1 249.1 160.1 226
135 59 135 80.1 182.1 80.1 182.1 59
81 172 81 188.1 101.1 188.1 101.1 172
75 180 75 211.1 84.1 211.1 84.1 180
149 159 149 206.1 192.1 206.1 192.1 159
67 160 67 184.1 114.1 184.1 114.1 160
32 216 32 263.1 39.1 263.1 39.1 216
184 119 184 146.1 227.1 146.1 227.1 119
75 116 75 163.1 84.1 163.1 84.1 116
87 52 87 58.1 126.1 58.1 126.1 52
225 192 225 209.1 264.1 209.1 264.1 192
31 225 31 231.1 37.1 231.1 37.1 225
39 250 39 271.1 64.1 271.1 64.1 250
171 144 171 164.1 219.1 164.1 219.1 144
34 177 34 180.1 64.1 180.1 64.1 177
90 18 90 50.1 128.1 50.1 128.1 18
144 133 144 153.1 164.1 153.1 164.1 133
211 23 211 48.1 241.1 48.1 241.1 23
60 263 60 310.1 75.1 310.1 75.1 263
59 173 59 187.1 95.1 187.1 95.1 173
206 145 206 167.1 235.1 167.1 235.1 145
127 121 127 138.1 136.1 138.1 136.1 121
59 119 59 133.1 84.1 133.1 84.1 119
194 133 194 168.1 213.1 168.1 213.1 133
131 123 131 137.1 178.1 137.1 178.1 123
10 238 10 245.1 46.1 245.1 46.1 238
157 202 157 216.1 204.1 216.1 204.1 202
228 120 228 143.1 253.1 143.1 253.1 120
157 123 157 127.1 168.1 127.1 168.1 123
264 232 264 254.1 285.1 254.1 285.1 232
246 209 246 224.1 289.1 224.1 289.1 209
91 218 91 257.1 110.1 257.1 110.1 218
159 261 159 264.1 179.1 264.1 179.1 261
101 250 101 274.1 126.1 274.1 126.1 250
95 44 95 88.1 118.1 88.1 118.1 44
7 132 7 153.1 42.1 153.1 42.1 132
172 39 172 80.1 175.1 80.1 175.1 39
235 2 235 41.1 248.1 41.1 248.1 2
198 59 198 71.1 210.1 71.1 210.1 59
240 228 240 246.1 274.1 246.1 274.1 228
245 82 245 104.1 274.1 104.1 274.1 82
181 107 181 111.1 196.1 111.1 196.1 107
199 203 199 219.1 237.1 219.1 237.1 203
32 10 32 38.1 40.1 38.1 40.1 10
143 179 143 192.1 163.1 192.1 163.1 179
37 130 37 162.1 76.1 162.1 76.1 130
159 193 159 208.1 183.1 208.1 183.1 193
34 160 34 182.1 44.1 182.1 44.1 160
170 156 170 175.1 189.1 175.1 189.1 156
81 218 81 232.1 90.1 232.1 90.1 218
186 175 186 177.1 196.1 177.1 196.1 175
31 67 31 106.1 37.1 106.1 37.1 67
86 4 86 16.1 108.1 16.1 108.1 4
148 116 148 133.1 161.1 133.1 161.1 116
243 17 243 27.1 264.1 27.1 264.1 17
48 204 48 217.1 70.1 217.1 70.1 204
32 170 32 180.1 44.1 180.1 44.1 170
185 92 185 127.1 219.1 127.1 219.1 92
2 99 2 134.1 5.1 134.1 5.1 99
54 33 54 55.1 58.1 55.1 58.1 33
216 12 216 36.1 244.1 36.1 244.1 12
130 264 130 278.1 170.1 278.1 170.1 264
229 263 229 307.1 236.1 307.1 236.1 263
38 30 38 50.1 51.1 50.1 51.1 30
172 227 172 241.1 203.1 241.1 203.1 227
49 156 49 178.1 83.1 178.1 83.1 156
193 149 193 163.1 214.1 163.1 214.1 149
250 124 250 170.1 259.1 170.1 259.1 124
174 152 174 199.1 193.1 199.1 193.1 152
150 239 150 262.1 154.1 262.1 154.1 239
262 210 262 212.1 310.1 212.1 310.1 210
30 263 30 306.1 77.1 306.1 77.1 263
132 147 132 163.1 148.1 163.1 148.1 147
76 129 76 158.1 91.1 158.1 91.1 129
142 5 142 24.1 184.1 24.1 184.1 5
36 22 36 62.1 47.1 62.1 47.1 22
14 1 14 17.1 14.1 17.1 14.1 1
44 231 44 278.1 48.1 278.1 48.1 231
260 184 260 210.1 286.1 210.1 286.1 184
128 31 128 54.1 155.1 54.1 155.1 31
27 54 27 59.1 51.1 59.1 51.1 54
149 136 149 153.1 166.1 153.1 166.1 136
172 176 172 221.1 177.1 221.1 177.1 176
206 30 206 49.1 223.1 49.1 223.1 30
89 228 89 230.1 118.1 230.1 118.1 228
118 93 118 112.1 157.1 112.1 157.1 93
69 45 69 49.1 76.1 49.1 76.1 45
247 185 247 204.1 251.1 204.1 251.1 185
110 124 110 144.1 110.1 144.1 110.1 124
242 81 242 106.1 247.1 106.1 247.1 81
254 100 254 145.1 297.1 145.1 297.1 100
32 74 32 101.1 63.1 101.1 63.1 74
169 173 169 175.1 192.1 175.1 192.1 173
234 52 234 63.1 246.1 63.1 246.1 52
118 136 118 145.1 157.1 145.1 157.1 136
172 82 172 117.1 175.1 117.1 175.1 82
262 252 262 279.1 287.1 279.1 287.1 252
172 126 172 158.1 205.1 158.1 205.1 126
211 201 211 202.1 258.1 202.1 258.1 201
233 156 233 192.1 244.1 192.1 244.1 156
42 124 42 146.1 84.1 146.1 84.1 124
72 201 72 228.1 100.1 228.1 100.1 201
138 10 138 22.1 151.1 22.1 151.1 10
25 64 25 75.1 28.1 75.1 28.1 64
0 147 0 154.1 2.1 154.1 2.1 147
70 114 70 116.1 75.1 116.1 75.1 114
77 207 77 227.1 80.1 227.1 80.1 207
54 99 54 146.1 87.1 146.1 87.1 99
43 263 43 297.1 55.1 297.1 55.1 263
153 34 153 65.1 156.1 65.1 156.1 34
50 75 50 76.1 74.1 76.1 74.1 75
154 152 154 180.1 189.1 180.1 189.1 152
66 8 66 27.1 93.1 27.1 93.1 8
91 3 91 44.1 116.1 44.1 116.1 3
16 139 16 159.1 24.1 159.1 24.1 139
168 140 168 164.1 201.1 164.1 201.1 140
72 183 72 214.1 97.1 214.1 97.1 183
197 29 197 30.1 237.1 30.1 237.1 29
219 202 219 209.1 264.1 209.1 264.1 202
175 207 175 247.1 198.1 247.1 198.1 207
23 51 23 54.1 50.1 54.1 50.1 51
48 210 48 220.1 56.1 220.1 56.1 210
76 200 76 246.1 79.1 246.1 79.1 200
172 233 172 258.1 214.1 258.1 214.1 233
80 175 80 199.1 105.1 199.1 105.1 175
144 16 144 27.1 145.1 27.1 145.1 16
210 18 210 45.1 236.1 45.1 236.1 18
152 164 152 194.1 188.1 194.1 188.1 164
38 67 38 71.1 63.1 71.1 63.1 67
194 61 194 66.1 209.1 66.1 209.1 61
234 173 234 182.1 253.1 182.1 253.1 173
48 197 48 215.1 59.1 215.1 59.1 197
10 228 10 276.1 35.1 276.1 35.1 228
77 218 77 223.1 93.1 223.1 93.1 218
210 114 210 140.1 243.1 140.1 243.1 114
224 158 224 206.1 265.1 206.1 265.1 158
80 55 80 94.1 99.1 94.1 99.1 55
47 166 47 210.1 75.1 210.1 75.1 166
48 122 48 148.1 59.1 148.1 59.1 122
125 4 125 35.1 170.1 35.1 170.1 4
207 126 207 162.1 208.1 162.1 208.1 126
147 57 147 58.1 162.1 58.1 162.1 57
254 229 254 274.1 300.1 274.1 300.1 229
89 174 89 190.1 111.1 190.1 111.1 174
136 107 136 133.1 183.1 133.1 183.1 107
175 182 175 191.1 191.1 191.1 191.1 182
215 103 215 147.1 252.1 147.1 252.1 103
85 138 85 181.1 122.1 181.1 122.1 138
143 119 143 149.1 190.1 149.1 190.1 119
29 88 29 116.1 60.1 116.1 60.1 88
64 253 64 282.1 72.1 282.1 72.1 253
203 148 203 174.1 213.1 174.1 213.1 148
24 90 24 90.1 66.1 90.1 66.1 90
221 217 221 254.1 254.1 254.1 254.1 217
12 193 12 207.1 39.1 207.1 39.1 193
250 152 250 193.1 283.1 193.1 283.1 152
176 179 176 198.1 216.1 198.1 216.1 179
103 246 103 271.1 122.1 271.1 122.1 246
90 238 90 267.1 102.1 267.1 102.1 238
180 256 180 268.1 182.1 268.1 182.1 256
157 84 157 130.1 201.1 130.1 201.1 84
79 39 79 45.1 104.1 45.1 104.1 39
73 92 73 134.1 107.1 134.1 107.1 92
176 48 176 52.1 215.1 52.1 215.1 48
112 19 112 45.1 120.1 45.1 120.1 19
241 11 241 11.1 278.1 11.1 278.1 11
186 124 186 166.1 223.1 166.1 223.1 124
96 78 96 123.1 134.1 123.1 134.1 78
190 226 190 244.1 236.1 244.1 236.1 226
62 31 62 33.1 74.1 33.1 74.1 31
207 237 207 245.1 218.1 245.1 218.1 237
131 76 131 101.1 167.1 101.1 167.1 76
247 160 247 206.1 278.1 206.1 278.1 160
222 179 222 220.1 231.1 220.1 231.1 179
122 17 122 48.1 159.1 48.1 159.1 17
168 54 168 68.1 169.1 68.1 169.1 54
97 36 97 40.1 105.1 40.1 105.1 36
250 263 250 263.1 271.1 263.1 271.1 263
193 189 193 198.1 210.1 198.1 210.1 189
260 117 260 127.1 267.1 127.1 267.1 117
244 101 244 105.1 249.1 105.1 249.1 101
233 24 233 27.1 250.1 27.1 250.1 24
230 256 230 259.1 278.1 259.1 278.1 256
72 192 72 227.1 80.1 227.1 80.1 192
191 222 191 270.1 200.1 270.1 200.1 222
94 218 94 237.1 98.1 237.1 98.1 218
156 68 156 73.1 200.1 73.1 200.1 68
230 175 230 204.1 235.1 204.1 235.1 175
65 236 65 246.1 97.1 246.1 97.1 236
247 42 247 69.1 278.1 69.1 278.1 42
78 147 78 179.1 104.1 179.1 104.1 147
103 158 103 180.1 122.1 180.1 122.1 158
25 9 25 13.1 60.1 13.1 60.1 9
185 221 185 249.1 188.1 249.1 188.1 221
245 98 245 146.1 253.1 146.1 253.1 98
261 81 261 94.1 278.1 94.1 278.1 81
255 159 255 177.1 286.1 177.1 286.1 159
148 199 148 209.1 180.1 209.1 180.1 199
54 100 54 108.1 96.1 108.1 96.1 100
112 123 112 159.1 118.1 159.1 118.1 123
18 76 18 115.1 60.1 115.1 60.1 76
216 51 216 61.1 235.1 61.1 235.1 51
183 93 183 134.1 214.1 134.1 214.1 93
246 96 246 132.1 261.1 132.1 261.1 96
130 79 130 94.1 159.1 94.1 159.1 79
14 72 14 103.1 52.1 103.1 52.1 72
176 47 176 47.1 223.1 47.1 223.1 47
80 58 80 104.1 97.1 104.1 97.1 58
200 263 200 290.1 230.1 290.1 230.1 263
107 150 107 162.1 125.1 162.1 125.1 150
105 71 105 117.1 117.1 117.1 117.1 71
36 85 36 86.1 57.1 86.1 57.1 85
90 194 90 232.1 132.1 232.1 132.1 194
161 56 161 85.1 168.1 85.1 168.1 56
165 33 165 64.1 182.1 64.1 182.1 33
197 228 197 238.1 236.1 238.1 236.1 228
141 181 141 225.1 167.1 225.1 167.1 181
81 103 81 128.1 122.1 128.1 122.1 103
183 145 183 173.1 219.1 173.1 219.1 145
259 124 259 141.1 267.1 141.1 267.1 124
242 66 242 100.1 243.1 100.1 243.1 66
65 204 65 251.1 105.1 251.1 105.1 204
239 243 239 274.1 266.1 274.1 266.1 243
187 56 187 73.1 191.1 73.1 191.1 56
54 183 54 198.1 56.1 198.1 56.1 183
55 220 55 242.1 57.1 242.1 57.1 220
189 218 189 256.1 197.1 256.1 197.1 218
207 10 207 56.1 225.1 56.1 225.1 10
68 127 68 136.1 95.1 136.1 95.1 127
118 163 118 173.1 124.1 173.1 124.1 163
3 263 3 266.1 44.1 266.1 44.1 263
104 146 104 180.1 117.1 180.1 117.1 146
136 61 136 81.1 163.1 81.1 163.1 61
116 118 116 165.1 119.1 165.1 119.1 118
237 28 237 28.1 264.1 28.1 264.1 28
47 213 47 231.1 75.1 231.1 75.1 213
120 51 120 53.1 160.1 53.1 160.1 51
132 159 132 190.1 139.1 190.1 139.1 159
26 26 26 41.1 54.1 41.1 54.1 26
199 128 199 146.1 232.1 146.1 232.1 128
186 148 186 170.1 217.1 170.1 217.1 148
233 222 233 235.1 280.1 235.1 280.1 222
14 17 14 27.1 58.1 27.1 58.1 17
80 182 80 211.1 102.1 211.1 102.1 182
165 52 165 75.1 189.1 75.1 189.1 52
114 82 114 88.1 115.1 88.1 115.1 82
11 227 11 236.1 42.1 236.1 42.1 227
211 210 211 217.1 231.1 217.1 231.1 210
204 139 204 171.1 241.1 171.1 241.1 139
56 154 56 185.1 77.1 185.1 77.1 154
124 164 124 184.1 149.1 184.1 149.1 164
151 108 151 112.1 166.1 112.1 166.1 108
258 230 258 276.1 266.1 276.1 266.1 230
29 17 29 52.1 32.1 52.1 32.1 17
112 107 112 140.1 130.1 140.1 130.1 107
191 145 191 183.1 210.1 183.1 210.1 145
51 39 51 47.1 80.1 47.1 80.1 39
106 33 106 55.1 147.1 55.1 147.1 33
110 187 110 208.1 131.1 208.1 131.1 187
101 68 101 75.1 106.1 75.1 106.1 68
104 113 104 135.1 126.1 135.1 126.1 113
43 6 43 44.1 86.1 44.1 86.1 6
44 240 44 253.1 52.1 253.1 52.1 240
236 163 236 176.1 249.1 176.1 249.1 163
92 57 92 105.1 137.1 105.1 137.1 57
117 133 117 157.1 159.1 157.1 159.1 133
54 113 54 138.1 86.1 138.1 86.1 113
216 2 216 42.1 221.1 42.1 221.1 2
64 56 64 76.1 72.1 76.1 72.1 56
34 225 34 239.1 73.1 239.1 73.1 225
231 120 231 141.1 247.1 141.1 247.1 120
98 153 98 194.1 135.1 194.1 135.1 153
205 192 205 228.1 224.1 228.1 224.1 192
189 163 189 193.1 231.1 193.1 231.1 163
33 64 33 76.1 54.1 76.1 54.1 64
170 236 170 249.1 186.1 249.1 186.1 236
224 101 224 136.1 239.1 136.1 239.1 101
188 12 188 17.1 207.1 17.1 207.1 12
203 256 203 269.1 216.1 269.1 216.1 256
173 158 173 159.1 221.1 159.1 221.1 158
110 157 110 166.1 129.1 166.1 129.1 157
66 159 66 193.1 82.1 193.1 82.1 159
236 4 236 25.1 270.1 25.1 270.1 4
75 166 75 190.1 97.1 190.1 97.1 166
130 8 130 24.1 137.1 24.1 137.1 8
222 239 222 244.1 246.1 244.1 246.1 239
62 30 62 64.1 82.1 64.1 82.1 30
67 60 67 99.1 78.1 99.1 78.1 60
14 191 14 198.1 23.1 198.1 23.1 191
52 193 52 228.1 67.1 228.1 67.1 193
110 82 110 89.1 118.1 89.1 118.1 82
221 50 221 61.1 223.1 61.1 223.1 50
236 54 236 62.1 269.1 62.1 269.1 54
246 12 246 34.1 254.1 34.1 254.1 12
107 1 107 22.1 126.1 22.1 126.1 1
73 260 73 265.1 95.1 265.1 95.1 260
88 197 88 224.1 114.1 224.1 114.1 197
210 99 210 110.1 226.1 110.1 226.1 99
252 216 252 224.1 271.1 224.1 271.1 216
202 258 202 283.1 232.1 283.1 232.1 258
220 81 220 87.1 239.1 87.1 239.1 81
173 82 173 123.1 174.1 123.1 174.1 82
148 195 148 204.1 166.1 204.1 166.1 195
17 37 17 46.1 44.1 46.1 44.1 37
41 217 41 251.1 79.1 251.1 79.1 217
21 189 21 222.1 50.1 222.1 50.1 189
244 77 244 106.1 263.1 106.1 263.1 77
201 241 201 266.1 210.1 266.1 210.1 241
93 108 93 137.1 106.1 137.1 106.1 108
111 151 111 170.1 117.1 170.1 117.1 151
83 108 83 132.1 128.1 132.1 128.1 108
154 24 154 57.1 169.1 57.1 169.1 24
150 264 150 289.1 165.1 289.1 165.1 264
144 154 144 155.1 191.1 155.1 191.1 154
248 7 248 52.1 289.1 52.1 289.1 7
113 43 113 58.1 115.1 58.1 115.1 43
125 14 125 14.1 163.1 14.1 163.1 14
187 109 187 114.1 235.1 114.1 235.1 109
213 114 213 148.1 232.1 148.1 232.1 114
5 167 5 181.1 14.1 181.1 14.1 167
235 145 235 147.1 274.1 147.1 274.1 145
160 160 160 178.1 187.1 178.1 187.1 160
186 259 186 261.1 203.1 261.1 203.1 259
4 119 4 140.1 37.1 140.1 37.1 119
118 170 118 204.1 152.1 204.1 152.1 170
226 15 226 59.1 235.1 59.1 235.1 15
92 234 92 251.1 118.1 251.1 118.1 234
203 40 203 51.1 229.1 51.1 229.1 40
132 137 132 171.1 148.1 171.1 148.1 137
40 161 40 192.1 84.1 192.1 84.1 161
258 14 258 27.1 291.1 27.1 291.1 14
149 182 149 225.1 172.1 225.1 172.1 182
213 176 213 201.1 252.1 201.1 252.1 176
169 103 169 114.1 169.1 114.1 169.1 103
256 211 256 245.1 285.1 245.1 285.1 211
32 197 32 244.1 57.1 244.1 57.1 197
141 100 141 115.1 141.1 115.1 141.1 100
42 212 42 213.1 43.1 213.1 43.1 212
74 154 74 194.1 118.1 194.1 118.1 154
41 113 41 126.1 43.1 126.1 43.1 113
157 13 157 45.1 193.1 45.1 193.1 13
178 253 178 275.1 209.1 275.1 209.1 253
53 249 53 289.1 90.1 289.1 90.1 249
230 229 230 235.1 269.1 235.1 269.1 229
58 185 58 213.1 97.1 213.1 97.1 185
123 230 123 256.1 157.1 256.1 157.1 230
7 46 7 53.1 19.1 53.1 19.1 46
210 137 210 144.1 243.1 144.1 243.1 137
60 36 60 83.1 84.1 83.1 84.1 36
148 23 148 27.1 192.1 27.1 192.1 23
254 8 254 16.1 286.1 16.1 286.1 8
257 227 257 253.1 263.1 253.1 263.1 227
33 18 33 55.1 41.1 55.1 41.1 18
71 184 71 188.1 96.1 188.1 96.1 184
47 22 47 68.1 53.1 68.1 53.1 22
215 245 215 247.1 224.1 247.1 224.1 245
139 201 139 215.1 157.1 215.1 157.1 201
207 201 207 212.1 218.1 212.1 218.1 201
28 188 28 213.1 34.1 213.1 34.1 188
96 102 96 142.1 103.1 142.1 103.1 102
35 213 35 214.1 46.1 214.1 46.1 213
201 83 201 130.1 243.1 130.1 243.1 83
46 40 46 54.1 55.1 54.1 55.1 40
27 204 27 242.1 38.1 242.1 38.1 204
169 58 169 79.1 189.1 79.1 189.1 58
82 66 82 66.1 123.1 66.1 123.1 66
10 230 10 268.1 46.1 268.1 46.1 230
32 98 32 104.1 35.1 104.1 35.1 98
86 53 86 92.1 92.1 92.1 92.1 53
3 177 3 208.1 4.1 208.1 4.1 177
97 252 97 297.1 125.1 297.1 125.1 252
206 122 206 122.1 222.1 122.1 222.1 122
49 2 49 39.1 94.1 39.1 94.1 2
78 222 78 259.1 93.1 259.1 93.1 222
199 159 199 184.1 199.1 184.1 199.1 159
74 89 74 95.1 106.1 95.1 106.1 89
216 102 216 108.1 264.1 108.1 264.1 102
212 219 212 221.1 250.1 221.1 250.1 219
241 71 241 90.1 282.1 90.1 282.1 71
72 226 72 235.1 72.1 235.1 72.1 226
11 197 11 219.1 51.1 219.1 51.1 197
232 232 232 232.1 246.1 232.1 246.1 232
205 2 205 13.1 245.1 13.1 245.1 2
155 133 155 142.1 189.1 142.1 189.1 133
98 12 98 37.1 132.1 37.1 132.1 12
94 26 94 36.1 106.1 36.1 106.1 26
168 88 168 103.1 215.1 103.1 215.1 88
61 158 61 190.1 70.1 190.1 70.1 158
145 188 145 217.1 174.1 217.1 174.1 188
169 156 169 195.1 172.1 195.1 172.1 156
115 197 115 205.1 124.1 205.1 124.1 197
137 102 137 131.1 150.1 131.1 150.1 102
246 248 246 295.1 251.1 295.1 251.1 248
178 61 178 67.1 187.1 67.1 187.1 61
145 226 145 265.1 192.1 265.1 192.1 226
201 90 201 99.1 226.1 99.1 226.1 90
91 94 91 135.1 103.1 135.1 103.1 94
183 184 183 219.1 206.1 219.1 206.1 184
178 183 178 195.1 225.1 195.1 225.1 183
48 13 48 15.1 88.1 15.1 88.1 13
133 240 133 280.1 178.1 280.1 178.1 240
210 40 210 40.1 213.1 40.1 213.1 40
20 146 20 151.1 51.1 151.1 51.1 146
46 226 46 255.1 54.1 255.1 54.1 226
189 180 189 215.1 224.1 215.1 224.1 180
216 149 216 162.1 256.1 162.1 256.1 149
198 191 198 232.1 199.1 232.1 199.1 191
80 238 80 270.1 109.1 270.1 109.1 238
30 236 30 259.1 35.1 259.1 35.1 236
244 135 244 153.1 269.1 153.1 269.1 135
95 65 95 101.1 108.1 101.1 108.1 65
111 172 111 199.1 136.1 199.1 136.1 172
191 108 191 142.1 198.1 142.1 198.1 108
98 171 98 210.1 114.1 210.1 114.1 171
162 8 162 23.1 202.1 23.1 202.1 8
51 112 51 112.1 64.1 112.1 64.1 112
111 188 111 203.1 125.1 203.1 125.1 188
68 62 68 84.1 92.1 84.1 92.1 62
94 35 94 80.1 115.1 80.1 115.1 35
243 22 243 30.1 249.1 30.1 249.1 22
252 161 252 183.1 275.1 183.1 275.1 161
72 45 72 52.1 105.1 52.1 105.1 45
105 254 105 277.1 150.1 277.1 150.1 254
191 183 191 217.1 221.1 217.1 221.1 183
253 216 253 243.1 272.1 243.1 272.1 216
2 213 2 254.1 32.1 254.1 32.1 213
102 134 102 175.1 126.1 175.1 126.1 134
222 6 222 28.1 252.1 28.1 252.1 6
66 28 66 70.1 94.1 70.1 94.1 28
77 15 77 63.1 106.1 63.1 106.1 15
28 12 28 53.1 42.1 53.1 42.1 12
82 175 82 220.1 84.1 220.1 84.1 175
165 236 165 262.1 201.1 262.1 201.1 236
223 140 223 161.1 229.1 161.1 229.1 140
36 163 36 205.1 58.1 205.1 58.1 163
243 73 243 87.1 290.1 87.1 290.1 73
212 154 212 176.1 225.1 176.1 225.1 154
80 66 80 109.1 83.1 109.1 83.1 66
55 51 55 62.1 95.1 62.1 95.1 51
97 256 97 298.1 136.1 298.1 136.1 256
165 132 165 141.1 211.1 141.1 211.1 132
232 62 232 66.1 270.1 66.1 270.1 62
201 94 201 94.1 218.1 94.1 218.1 94
240 0 240 32.1 261.1 32.1 261.1 0
242 232 242 253.1 254.1 253.1 254.1 232
232 218 232 247.1 235.1 247.1 235.1 218
120 149 120 195.1 153.1 195.1 153.1 149
245 149 245 165.1 291.1 165.1 291.1 149
96 74 96 78.1 137.1 78.1 137.1 74
236 231 236 268.1 271.1 268.1 271.1 231
161 127 161 144.1 174.1 144.1 174.1 127
26 191 26 225.1 35.1 225.1 35.1 191
177 99 177 103.1 210.1 103.1 210.1 99
77 163 77 201.1 82.1 201.1 82.1 163
84 13 84 14.1 84.1 14.1 84.1 13
141 123 141 159.1 187.1 159.1 187.1 123
106 12 106 41.1 120.1 41.1 120.1 12
141 241 141 244.1 167.1 244.1 167.1 241
80 115 80 121.1 107.1 121.1 107.1 115
92 191 92 200.1 125.1 200.1 125.1 191
91 112 91 124.1 103.1 124.1 103.1 112
104 22 104 68.1 140.1 68.1 140.1 22
6 158 6 187.1 11.1 187.1 11.1 158
5 132 5 177.1 37.1 177.1 37.1 132
58 136 58 137.1 66.1 137.1 66.1 136
243 95 243 99.1 271.1 99.1 271.1 95
20 182 20 187.1 33.1 187.1 33.1 182
141 76 141 85.1 150.1 85.1 150.1 76
140 120 140 145.1 181.1 145.1 181.1 120
117 6 117 34.1 132.1 34.1 132.1 6
65 127 65 146.1 97.1 146.1 97.1 127
134 259 134 272.1 181.1 272.1 181.1 259
63 225 63 226.1 102.1 226.1 102.1 225
3 177 3 219.1 37.1 219.1 37.1 177
210 41 210 50.1 213.1 50.1 213.1 41
18 62 18 82.1 19.1 82.1 19.1 62
258 150 258 192.1 292.1 192.1 292.1 150
258 79 258 108.1 265.1 108.1 265.1 79
249 37 249 82.1 296.1 82.1 296.1 37
39 114 39 162.1 47.1 162.1 47.1 114
24 188 24 220.1 61.1 220.1 61.1 188
151 7 151 11.1 167.1 11.1 167.1 7
227 51 227 90.1 265.1 90.1 265.1 51
21 113 21 130.1 46.1 130.1 46.1 113
255 162 255 163.1 294.1 163.1 294.1 162
35 96 35 125.1 45.1 125.1 45.1 96
146 18 146 49.1 170.1 49.1 170.1 18
41 237 41 266.1 89.1 266.1 89.1 237
223 204 223 246.1 251.1 246.1 251.1 204
128 124 128 136.1 164.1 136.1 164.1 124
260 218 260 245.1 271.1 245.1 271.1 218
170 198 170 227.1 212.1 227.1 212.1 198
115 81 115 129.1 139.1 129.1 139.1 81
258 173 258 173.1 298.1 173.1 298.1 173
153 118 153 164.1 164.1 164.1 164.1 118
259 145 259 170.1 287.1 170.1 287.1 145
40 193 40 201.1 62.1 201.1 62.1 193
174 85 174 93.1 214.1 93.1 214.1 85
35 128 35 143.1 46.1 143.1 46.1 128
134 101 134 124.1 150.1 124.1 150.1 101
123 118 123 134.1 154.1 134.1 154.1 118
111 187 111 211.1 135.1 211.1 135.1 187
154 54 154 62.1 170.1 62.1 170.1 54
149 187 149 224.1 194.1 224.1 194.1 187
64 214 64 239.1 111.1 239.1 111.1 214
191 16 191 31.1 225.1 31.1 225.1 16
88 177 88 216.1 131.1 216.1 131.1 177
171 242 171 252.1 211.1 252.1 211.1 242
111 233 111 259.1 141.1 259.1 141.1 233
109 200 109 204.1 111.1 204.1 111.1 200
228 69 228 76.1 241.1 76.1 241.1 69
161 179 161 193.1 180.1 193.1 180.1 179
246 14 246 37.1 271.1 37.1 271.1 14
165 205 165 244.1 207.1 244.1 207.1 205
156 255 156 260.1 157.1 260.1 157.1 255
249 34 249 58.1 286.1 58.1 286.1 34
80 147 80 184.1 117.1 184.1 117.1 147
162 223 162 247.1 164.1 247.1 164.1 223
17 209 17 228.1 54.1 228.1 54.1 209
171 87 171 98.1 171.1 98.1 171.1 87
183 60 183 78.1 209.1 78.1 209.1 60
15 87 15 127.1 49.1 127.1 49.1 87
67 24 67 54.1 90.1 54.1 90.1 24
122 91 122 100.1 130.1 100.1 130.1 91
142 204 142 230.1 171.1 230.1 171.1 204
119 143 119 174.1 166.1 174.1 166.1 143
207 197 207 199.1 240.1 199.1 240.1 197
179 107 179 109.1 189.1 109.1 189.1 107
197 191 197 212.1 243.1 212.1 243.1 191
172 71 172 97.1 176.1 97.1 176.1 71
66 108 66 154.1 95.1 154.1 95.1 108
120 243 120 246.1 141.1 246.1 141.1 243
30 163 30 207.1 49.1 207.1 49.1 163
113 11 113 58.1 140.1 58.1 140.1 11
186 63 186 97.1 213.1 97.1 213.1 63
181 130 181 176.1 200.1 176.1 200.1 130
215 25 215 51.1 235.1 51.1 235.1 25
20 187 20 191.1 45.1 191.1 45.1 187
236 249 236 281.1 258.1 281.1 258.1 249
109 257 109 263.1 149.1 263.1 149.1 257
158 99 158 133.1 191.1 133.1 191.1 99
51 112 51 152.1 80.1 152.1 80.1 112
150 222 150 240.1 150.1 240.1 150.1 222
239 102 239 103.1 245.1 103.1 245.1 102
23 32 23 46.1 60.1 46.1 60.1 32
4 129 4 176.1 51.1 176.1 51.1 129
169 73 169 114.1 210.1 114.1 210.1 73
72 45 72 65.1 91.1 65.1 91.1 45
111 14 111 53.1 154.1 53.1 154.1 14
111 214 111 214.1 131.1 214.1 131.1 214
249 99 249 111.1 252.1 111.1 252.1 99
158 239 158 282.1 188.1 282.1 188.1 239
208 10 208 27.1 236.1 27.1 236.1 10
31 55 31 55.1 79.1 55.1 79.1 55
13 104 13 132.1 56.1 132.1 56.1 104
123 103 123 115.1 132.1 115.1 132.1 103
148 212 148 218.1 149.1 218.1 149.1 212
43 165 43 206.1 72.1 206.1 72.1 165
205 253 205 269.1 222.1 269.1 222.1 253
243 116 243 154.1 282.1 154.1 282.1 116
13 173 13 194.1 45.1 194.1 45.1 173
152 247 152 286.1 176.1 286.1 176.1 247
113 241 113 275.1 131.1 275.1 131.1 241
212 86 212 133.1 224.1 133.1 224.1 86
100 237 100 242.1 114.1 242.1 114.1 237
222 7 222 19.1 242.1 19.1 242.1 7
54 11 54 11.1 84.1 11.1 84.1 11
16 155 16 202.1 32.1 202.1 32.1 155
207 60 207 71.1 255.1 71.1 255.1 60
170 176 170 203.1 176.1 203.1 176.1 176
119 56 119 56.1 132.1 56.1 132.1 56
8 43 8 65.1 36.1 65.1 36.1 43
1 54 1 76.1 28.1 76.1 28.1 54
19 55 19 96.1 53.1 96.1 53.1 55
6 76 6 99.1 32.1 99.1 32.1 76
72 43 72 66.1 111.1 66.1 111.1 43
136 17 136 45.1 165.1 45.1 165.1 17
14 146 14 152.1 14.1 152.1 14.1 146
22 37 22 62.1 38.1 62.1 38.1 37
7 156 7 200.1 39.1 200.1 39.1 156
192 104 192 145.1 223.1 145.1 223.1 104
248 181 248 224.1 267.1 224.1 267.1 181
220 29 220 73.1 268.1 73.1 268.1 29
157 176 157 183.1 159.1 183.1 159.1 176
132 252 132 258.1 159.1 258.1 159.1 252
159 223 159 269.1 174.1 269.1 174.1 223
236 192 236 206.1 245.1 206.1 245.1 192
152 112 152 137.1 158.1 137.1 158.1 112
224 94 224 122.1 229.1 122.1 229.1 94
261 119 261 160.1 269.1 160.1 269.1 119
44 213 44 239.1 53.1 239.1 53.1 213
249 92 249 98.1 268.1 98.1 268.1 92
214 205 214 248.1 221.1 248.1 221.1 205
30 139 30 169.1 30.1 169.1 30.1 139
136 261 136 281.1 153.1 281.1 153.1 261
224 25 224 33.1 225.1 33.1 225.1 25
201 147 201 164.1 246.1 164.1 246.1 147
120 82 120 87.1 135.1 87.1 135.1 82
37 258 37 259.1 47.1 259.1 47.1 258
72 125 72 125.1 104.1 125.1 104.1 125
32 3 32 18.1 53.1 18.1 53.1 3
84 67 84 84.1 120.1 84.1 120.1 67
194 5 194 28.1 199.1 28.1 199.1 5
69 74 69 90.1 105.1 90.1 105.1 74
175 85 175 117.1 222.1 117.1 222.1 85
240 198 240 203.1 278.1 203.1 278.1 198
157 4 157 47.1 172.1 47.1 172.1 4
202 121 202 126.1 204.1 126.1 204.1 121
178 61 178 97.1 191.1 97.1 191.1 61
240 185 240 208.1 250.1 208.1 250.1 185
103 143 103 167.1 108.1 167.1 108.1 143
197 261 197 276.1 227.1 276.1 227.1 261
61 181 61 216.1 74.1 216.1 74.1 181
80 179 80 203.1 94.1 203.1 94.1 179
220 244 220 292.1 227.1 292.1 227.1 244
28 233 28 254.1 47.1 254.1 47.1 233
207 104 207 112.1 219.1 112.1 219.1 104
197 105 197 112.1 229.1 112.1 229.1 105
131 131 131 149.1 166.1 149.1 166.1 131
219 198 219 212.1 221.1 212.1 221.1 198
234 145 234 186.1 235.1 186.1 235.1 145
190 137 190 145.1 228.1 145.1 228.1 137
190 22 190 64.1 191.1 64.1 191.1 22
71 218 71 218.1 81.1 218.1 81.1 218
216 139 216 155.1 220.1 155.1 220.1 139
261 209 261 216.1 309.1 216.1 309.1 209
117 82 117 128.1 128.1 128.1 128.1 82
19 85 19 104.1 51.1 104.1 51.1 85
90 217 90 247.1 121.1 247.1 121.1 217
128 37 128 62.1 134.1 62.1 134.1 37
109 117 109 162.1 157.1 162.1 157.1 117
120 225 120 250.1 159.1 250.1 159.1 225
264 130 264 150.1 308.1 150.1 308.1 130
204 69 204 108.1 223.1 108.1 223.1 69
23 213 23 248.1 30.1 248.1 30.1 213
111 214 111 258.1 148.1 258.1 148.1 214
35 158 35 158.1 48.1 158.1 48.1 158
225 134 225 151.1 248.1 151.1 248.1 134
131 93 131 122.1 152.1 122.1 152.1 93
60 251 60 266.1 93.1 266.1 93.1 251
258 191 258 229.1 282.1 229.1 282.1 191
99 164 99 196.1 109.1 196.1 109.1 164
87 246 87 272.1 110.1 272.1 110.1 246
254 95 254 137.1 286.1 137.1 286.1 95
136 87 136 133.1 183.1 133.1 183.1 87
182 45 182 54.1 182.1 54.1 182.1 45
53 39 53 58.1 71.1 58.1 71.1 39
152 214 152 255.1 161.1 255.1 161.1 214
16 9 16 36.1 21.1 36.1 21.1 9
14 107 14 150.1 34.1 150.1 34.1 107
119 102 119 125.1 155.1 125.1 155.1 102
45 122 45 170.1 79.1 170.1 79.1 122
216 86 216 101.1 248.1 101.1 248.1 86
70 134 70 152.1 92.1 152.1 92.1 134
232 238 232 272.1 232.1 272.1 232.1 238
149 132 149 168.1 193.1 168.1 193.1 132
76 219 76 266.1 97.1 266.1 97.1 219
11 157 11 202.1 46.1 202.1 46.1 157
233 130 233 168.1 269.1 168.1 269.1 130
115 51 115 65.1 161.1 65.1 161.1 51
168 40 168 84.1 197.1 84.1 197.1 40
262 237 262 278.1 301.1 278.1 301.1 237
196 176 196 189.1 243.1 189.1 243.1 176
65 38 65 73.1 67.1 73.1 67.1 38
223 247 223 264.1 248.1 264.1 248.1 247
193 167 193 176.1 215.1 176.1 215.1 167
40 138 40 161.1 69.1 161.1 69.1 138
209 98 209 141.1 231.1 141.1 231.1 98
76 121 76 134.1 101.1 134.1 101.1 121
199 73 199 97.1 243.1 97.1 243.1 73
95 96 95 114.1 113.1 114.1 113.1 96
41 210 41 221.1 69.1 221.1 69.1 210
215 68 215 83.1 215.1 83.1 215.1 68
49 75 49 86.1 96.1 86.1 96.1 75
115 201 115 212.1 145.1 212.1 145.1 201
72 29 72 55.1 78.1 55.1 78.1 29
157 5 157 34.1 165.1 34.1 165.1 5
67 209 67 245.1 74.1 245.1 74.1 209
94 238 94 279.1 96.1 279.1 96.1 238
247 183 247 224.1 257.1 224.1 257.1 183
133 62 133 110.1 163.1 110.1 163.1 62
163 88 163 118.1 192.1 118.1 192.1 88
34 226 34 249.1 73.1 249.1 73.1 226
109 18 109 45.1 117.1 45.1 117.1 18
94 28 94 44.1 115.1 44.1 115.1 28
136 83 136 110.1 141.1 110.1 141.1 83
110 133 110 174.1 142.1 174.1 142.1 133
131 10 131 52.1 154.1 52.1 154.1 10
217 97 217 121.1 225.1 121.1 225.1 97
159 15 159 62.1 182.1 62.1 182.1 15
219 141 219 163.1 237.1 163.1 237.1 141
94 251 94 259.1 138.1 259.1 138.1 251
17 54 17 59.1 45.1 59.1 45.1 54
181 208 181 254.1 199.1 254.1 199.1 208
174 233 174 250.1 175.1 250.1 175.1 233
174 231 174 242.1 195.1 242.1 195.1 231
237 92 237 93.1 246.1 93.1 246.1 92
204 92 204 128.1 228.1 128.1 228.1 92
170 19 170 19.1 217.1 19.1 217.1 19
6 258 6 304.1 49.1 304.1 49.1 258
136 47 136 89.1 152.1 89.1 152.1 47
241 127 241 152.1 258.1 152.1 258.1 127
50 174 50 201.1 57.1 201.1 57.1 174
2 228 2 252.1 6.1 252.1 6.1 228
240 83 240 85.1 247.1 85.1 247.1 83
87 145 87 177.1 109.1 177.1 109.1 145
181 235 181 237.1 202.1 237.1 202.1 235
161 103 161 131.1 207.1 131.1 207.1 103
187 200 187 227.1 187.1 227.1 187.1 200
218 133 218 181.1 264.1 181.1 264.1 133
200 35 200 53.1 240.1 53.1 240.1 35
236 171 236 217.1 266.1 217.1 266.1 171
102 38 102 42.1 129.1 42.1 129.1 38
46 153 46 172.1 79.1 172.1 79.1 153
217 84 217 129.1 226.1 129.1 226.1 84
61 92 61 104.1 88.1 104.1 88.1 92
15 200 15 228.1 59.1 228.1 59.1 200
139 30 139 71.1 144.1 71.1 144.1 30
252 6 252 9.1 270.1 9.1 270.1 6
119 36 119 80.1 167.1 80.1 167.1 36
191 220 191 256.1 195.1 256.1 195.1 220
89 48 89 94.1 122.1 94.1 122.1 48
125 257 125 295.1 137.1 295.1 137.1 257
77 128 77 163.1 105.1 163.1 105.1 128
82 138 82 182.1 114.1 182.1 114.1 138
40 128 40 166.1 75.1 166.1 75.1 128
117 161 117 203.1 161.1 203.1 161.1 161
72 179 72 209.1 120.1 209.1 120.1 179
210 82 210 91.1 257.1 91.1 257.1 82
103 3 103 16.1 113.1 16.1 113.1 3
142 258 142 273.1 173.1 273.1 173.1 258
123 233 123 252.1 141.1 252.1 141.1 233
198 144 198 174.1 201.1 174.1 201.1 144
161 177 161 204.1 186.1 204.1 186.1 177
97 46 97 52.1 108.1 52.1 108.1 46
250 8 250 56.1 279.1 56.1 279.1 8
160 140 160 151.1 183.1 151.1 183.1 140
120 21 120 31.1 163.1 31.1 163.1 21
233 23 233 57.1 268.1 57.1 268.1 23
59 61 59 71.1 78.1 71.1 78.1 61
263 67 263 114.1 297.1 114.1 297.1 67
252 3 252 33.1 255.1 33.1 255.1 3
208 212 208 214.1 212.1 214.1 212.1 212
260 94 260 110.1 281.1 110.1 281.1 94
158 74 158 93.1 176.1 93.1 176.1 74
167 61 167 100.1 205.1 100.1 205.1 61
43 93 43 97.1 67.1 97.1 67.1 93
51 94 51 109.1 90.1 109.1 90.1 94
183 129 183 163.1 228.1 163.1 228.1 129
236 199 236 246.1 249.1 246.1 249.1 199
85 121 85 153.1 128.1 153.1 128.1 121
144 174 144 175.1 160.1 175.1 160.1 174
242 43 242 68.1 271.1 68.1 271.1 43
98 83 98 104.1 112.1 104.1 112.1 83
173 103 173 145.1 217.1 145.1 217.1 103
108 103 108 126.1 156.1 126.1 156.1 103
218 263 218 295.1 237.1 295.1 237.1 263
225 175 225 199.1 272.1 199.1 272.1 175
49 103 49 151.1 92.1 151.1 92.1 103
72 139 72 180.1 104.1 180.1 104.1 139
182 226 182 240.1 183.1 240.1 183.1 226
20 121 20 126.1 68.1 126.1 68.1 121
47 258 47 299.1 72.1 299.1 72.1 258
43 168 43 170.1 72.1 170.1 72.1 168
112 84 112 123.1 118.1 123.1 118.1 84
126 101 126 124.1 132.1 124.1 132.1 101
98 231 98 277.1 104.1 277.1 104.1 231
145 45 145 49.1 166.1 49.1 166.1 45
7 3 7 12.1 28.1 12.1 28.1 3
44 65 44 112.1 68.1 112.1 68.1 65
163 212 163 254.1 201.1 254.1 201.1 212
171 202 171 246.1 174.1 246.1 174.1 202
249 95 249 109.1 285.1 109.1 285.1 95
164 256 164 303.1 175.1 303.1 175.1 256
14 2 14 33.1 62.1 33.1 62.1 2
139 181 139 217.1 142.1 217.1 142.1 181
156 139 156 184.1 201.1 184.1 201.1 139
221 77 221 104.1 248.1 104.1 248.1 77
72 193 72 203.1 118.1 203.1 118.1 193
185 57 185 68.1 213.1 68.1 213.1 57
11 248 11 269.1 37.1 269.1 37.1 248
8 39 8 51.1 52.1 51.1 52.1 39
161 134 161 141.1 174.1 141.1 174.1 134
24 137 24 153.1 41.1 153.1 41.1 137
30 26 30 61.1 34.1 61.1 34.1 26
245 168 245 185.1 278.1 185.1 278.1 168
220 148 220 180.1 265.1 180.1 265.1 148
131 255 131 284.1 170.1 284.1 170.1 255
172 177 172 201.1 209.1 201.1 209.1 177
246 42 246 62.1 279.1 62.1 279.1 42
146 4 146 21.1 191.1 21.1 191.1 4
87 188 87 236.1 113.1 236.1 113.1 188
117 105 117 123.1 117.1 123.1 117.1 105
0 193 0 236.1 33.1 236.1 33.1 193
101 8 101 45.1 134.1 45.1 134.1 8
66 182 66 205.1 111.1 205.1 111.1 182
140 33 140 74.1 184.1 74.1 184.1 33
78 111 78 143.1 97.1 143.1 97.1 111
107 177 107 189.1 145.1 189.1 145.1 177
111 15 111 55.1 131.1 55.1 131.1 15
126 255 126 289.1 160.1 289.1 160.1 255
12 60 12 100.1 53.1 100.1 53.1 60
49 147 49 161.1 86.1 161.1 86.1 147
103 23 103 68.1 141.1 68.1 141.1 23
191 77 191 87.1 205.1 87.1 205.1 77
115 142 115 154.1 150.1 154.1 150.1 142
129 16 129 30.1 130.1 30.1 130.1 16
129 145 129 180.1 159.1 180.1 159.1 145
189 6 189 28.1 218.1 28.1 218.1 6
109 97 109 139.1 141.1 139.1 141.1 97
196 257 196 304.1 200.1 304.1 200.1 257
94 134 94 162.1 104.1 162.1 104.1 134
215 183 215 202.1 231.1 202.1 231.1 183
246 4 246 23.1 269.1 23.1 269.1 4
40 15 40 53.1 64.1 53.1 64.1 15
70 97 70 120.1 73.1 120.1 73.1 97
238 241 238 271.1 273.1 271.1 273.1 241
254 233 254 257.1 261.1 257.1 261.1 233
235 204 235 247.1 283.1 247.1 283.1 204
163 137 163 176.1 192.1 176.1 192.1 137
40 55 40 97.1 50.1 97.1 50.1 55
252 203 252 219.1 285.1 219.1 285.1 203
224 65 224 96.1 232.1 96.1 232.1 65
169 70 169 92.1 212.1 92.1 212.1 70
194 93 194 99.1 226.1 99.1 226.1 93
188 246 188 287.1 233.1 287.1 233.1 246
29 56 29 92.1 29.1 92.1 29.1 56
8 23 8 37.1 42.1 37.1 42.1 23
240 142 240 160.1 264.1 160.1 264.1 142
43 222 43 231.1 75.1 231.1 75.1 222
89 64 89 83.1 125.1 83.1 125.1 64
205 158 205 179.1 222.1 179.1 222.1 158
18 255 18 291.1 20.1 291.1 20.1 255
87 178 87 201.1 130.1 201.1 130.1 178
236 80 236 100.1 246.1 100.1 246.1 80
178 203 178 219.1 184.1 219.1 184.1 203
103 21 103 30.1 142.1 30.1 142.1 21
89 172 89 203.1 131.1 203.1 131.1 172
177 97 177 126.1 179.1 126.1 179.1 97
197 70 197 104.1 225.1 104.1 225.1 70
24 72 24 110.1 66.1 110.1 66.1 72
261 64 261 108.1 278.1 108.1 278.1 64
139 115 139 133.1 186.1 133.1 186.1 115
39 32 39 65.1 57.1 65.1 57.1 32
65 259 65 299.1 103.1 299.1 103.1 259
23 117 23 125.1 31.1 125.1 31.1 117
238 62 238 87.1 272.1 87.1 272.1 62
168 44 168 78.1 202.1 78.1 202.1 44
103 17 103 18.1 143.1 18.1 143.1 17
176 25 176 70.1 215.1 70.1 215.1 25
111 258 111 297.1 159.1 297.1 159.1 258
192 205 192 209.1 227.1 209.1 227.1 205
118 122 118 144.1 158.1 144.1 158.1 122
245 141 245 159.1 288.1 159.1 288.1 141
111 33 111 78.1 153.1 78.1 153.1 33
39 112 39 146.1 44.1 146.1 44.1 112
29 30 29 39.1 38.1 39.1 38.1 30
181 8 181 38.1 203.1 38.1 203.1 8
8 263 8 267.1 37.1 267.1 37.1 263
183 210 183 254.1 207.1 254.1 207.1 210
250 77 250 105.1 275.1 105.1 275.1 77
39 198 39 234.1 67.1 234.1 67.1 198
154 76 154 102.1 175.1 102.1 175.1 76
167 145 167 180.1 204.1 180.1 204.1 145
50 247 50 255.1 71.1 255.1 71.1 247
11 115 11 133.1 12.1 133.1 12.1 115
76 249 76 281.1 120.1 281.1 120.1 249
48 226 48 249.1 77.1 249.1 77.1 226
26 26 26 40.1 70.1 40.1 70.1 26
212 173 212 200.1 252.1 200.1 252.1 173
8 87 8 109.1 49.1 109.1 49.1 87
123 212 123 233.1 170.1 233.1 170.1 212
234 222 234 270.1 254.1 270.1 254.1 222
50 179 50 188.1 52.1 188.1 52.1 179
86 69 86 99.1 119.1 99.1 119.1 69
134 13 134 50.1 162.1 50.1 162.1 13
190 33 190 75.1 230.1 75.1 230.1 33
104 30 104 52.1 115.1 52.1 115.1 30
86 66 86 82.1 119.1 82.1 119.1 66
211 216 211 256.1 217.1 256.1 217.1 216
193 134 193 174.1 217.1 174.1 217.1 134
37 253 37 292.1 80.1 292.1 80.1 253
80 189 80 201.1 115.1 201.1 115.1 189
109 152 109 179.1 115.1 179.1 115.1 152
94 100 94 122.1 101.1 122.1 101.1 100
12 155 12 168.1 17.1 168.1 17.1 155
196 7 196 43.1 208.1 43.1 208.1 7
75 215 75 252.1 111.1 252.1 111.1 215
0 225 0 270.1 34.1 270.1 34.1 225
80 85 80 112.1 92.1 112.1 92.1 85
144 65 144 100.1 177.1 100.1 177.1 65
186 210 186 232.1 225.1 232.1 225.1 210
129 257 129 282.1 153.1 282.1 153.1 257
125 249 125 293.1 157.1 293.1 157.1 249
119 46 119 83.1 157.1 83.1 157.1 46
230 130 230 159.1 251.1 159.1 251.1 130
28 115 28 122.1 47.1 122.1 47.1 115
197 219 197 222.1 216.1 222.1 216.1 219
62 37 62 57.1 74.1 57.1 74.1 37
232 184 232 199.1 253.1 199.1 253.1 184
186 93 186 129.1 217.1 129.1 217.1 93
69 219 69 244.1 101.1 244.1 101.1 219
145 76 145 108.1 169.1 108.1 169.1 76
134 156 134 190.1 140.1 190.1 140.1 156
75 140 75 169.1 110.1 169.1 110.1 140
56 30 56 71.1 60.1 71.1 60.1 30
204 196 204 218.1 219.1 218.1 219.1 196
171 109 171 125.1 178.1 125.1 178.1 109
152 165 152 182.1 181.1 182.1 181.1 165
213 2 213 8.1 258.1 8.1 258.1 2
198 52 198 90.1 201.1 90.1 201.1 52
61 220 61 239.1 79.1 239.1 79.1 220
124 138 124 178.1 145.1 178.1 145.1 138
145 234 145 257.1 190.1 257.1 190.1 234
64 126 64 153.1 64.1 153.1 64.1 126
237 157 237 170.1 269.1 170.1 269.1 157
4 4 4 41.1 22.1 41.1 22.1 4
130 235 130 276.1 151.1 276.1 151.1 235
137 245 137 247.1 155.1 247.1 155.1 245
197 132 197 165.1 199.1 165.1 199.1 132
11 244 11 264.1 56.1 264.1 56.1 244
136 191 136 224.1 172.1 224.1 172.1 191
106 96 106 108.1 151.1 108.1 151.1 96
230 235 230 255.1 263.1 255.1 263.1 235
260 225 260 246.1 298.1 246.1 298.1 225
255 33 255 39.1 294.1 39.1 294.1 33
101 12 101 53.1 139.1 53.1 139.1 12
161 57 161 72.1 161.1 72.1 161.1 57
95 162 95 185.1 109.1 185.1 109.1 162
73 186 73 186.1 100.1 186.1 100.1 186
89 14 89 27.1 124.1 27.1 124.1 14
15 202 15 243.1 32.1 243.1 32.1 202
131 54 131 92.1 145.1 92.1 145.1 54
69 87 69 98.1 100.1 98.1 100.1 87
82 93 82 99.1 96.1 99.1 96.1 93
224 92 224 101.1 232.1 101.1 232.1 92
78 122 78 128.1 109.1 128.1 109.1 122
185 167 185 174.1 227.1 174.1 227.1 167
81 233 81 239.1 87.1 239.1 87.1 233
97 262 97 274.1 139.1 274.1 139.1 262
249 253 249 264.1 290.1 264.1 290.1 253
70 230 70 251.1 93.1 251.1 93.1 230
170 239 170 260.1 205.1 260.1 205.1 239
147 92 147 93.1 194.1 93.1 194.1 92
87 223 87 264.1 97.1 264.1 97.1 223
247 101 247 139.1 292.1 139.1 292.1 101
8 197 8 204.1 27.1 204.1 27.1 197
46 138 46 154.1 86.1 154.1 86.1 138
20 99 20 123.1 46.1 123.1 46.1 99
158 254 158 282.1 193.1 282.1 193.1 254
187 23 187 51.1 194.1 51.1 194.1 23
4 14 4 15.1 15.1 15.1 15.1 14
101 38 101 78.1 111.1 78.1 111.1 38
77 245 77 252.1 119.1 252.1 119.1 245
4 164 4 189.1 50.1 189.1 50.1 164
1 6 1 51.1 8.1 51.1 8.1 6
210 172 210 172.1 215.1 172.1 215.1 172
64 36 64 67.1 77.1 67.1 77.1 36
102 111 102 117.1 137.1 117.1 137.1 111
139 102 139 126.1 150.1 126.1 150.1 102
3 64 3 103.1 18.1 103.1 18.1 64
156 213 156 243.1 175.1 243.1 175.1 213
170 151 170 176.1 208.1 176.1 208.1 151
35 125 35 161.1 56.1 161.1 56.1 125
106 60 106 93.1 147.1 93.1 147.1 60
258 196 258 216.1 291.1 216.1 291.1 196
5 244 5 274.1 9.1 274.1 9.1 244
245 154 245 185.1 293.1 185.1 293.1 154
115 14 115 32.1 123.1 32.1 123.1 14
152 85 152 91.1 158.1 91.1 158.1 85
3 94 3 138.1 24.1 138.1 24.1 94
53 230 53 237.1 56.1 237.1 56.1 230
94 117 94 134.1 96.1 134.1 96.1 117
122 255 122 301.1 127.1 301.1 127.1 255
20 68 20 72.1 58.1 72.1 58.1 68
36 164 36 183.1 59.1 183.1 59.1 164
54 12 54 49.1 64.1 49.1 64.1 12
205 24 205 40.1 247.1 40.1 247.1 24
199 174 199 195.1 237.1 195.1 237.1 174
58 18 58 65.1 60.1 65.1 60.1 18
259 137 259 147.1 293.1 147.1 293.1 137
111 147 111 179.1 155.1 179.1 155.1 147
231 107 231 133.1 258.1 133.1 258.1 107
39 160 39 165.1 59.1 165.1 59.1 160
202 124 202 148.1 207.1 148.1 207.1 124
170 10 170 47.1 192.1 47.1 192.1 10
243 124 243 170.1 264.1 170.1 264.1 124
196 185 196 231.1 200.1 231.1 200.1 185
213 132 213 154.1 243.1 154.1 243.1 132
181 82 181 125.1 218.1 125.1 218.1 82
106 38 106 74.1 127.1 74.1 127.1 38
116 134 116 159.1 138.1 159.1 138.1 134
211 213 211 238.1 216.1 238.1 216.1 213
253 241 253 263.1 262.1 263.1 262.1 241
5 27 5 70.1 34.1 70.1 34.1 27
230 207 230 223.1 266.1 223.1 266.1 207
95 240 95 260.1 114.1 260.1 114.1 240
173 101 173 122.1 181.1 122.1 181.1 101
261 194 261 235.1 291.1 235.1 291.1 194
219 191 219 222.1 266.1 222.1 266.1 191
242 252 242 298.1 268.1 298.1 268.1 252
202 116 202 120.1 222.1 120.1 222.1 116
181 155 181 183.1 226.1 183.1 226.1 155
108 216 108 240.1 127.1 240.1 127.1 216
215 181 215 182.1 238.1 182.1 238.1 181
65 100 65 142.1 105.1 142.1 105.1 100
146 67 146 90.1 192.1 90.1 192.1 67
6 78 6 112.1 30.1 112.1 30.1 78
139 198 139 202.1 164.1 202.1 164.1 198
135 145 135 154.1 148.1 154.1 148.1 145
2 82 2 107.1 14.1 107.1 14.1 82
114 18 114 38.1 116.1 38.1 116.1 18
64 189 64 227.1 89.1 227.1 89.1 189
183 140 183 175.1 196.1 175.1 196.1 140
7 2 7 23.1 22.1 23.1 22.1 2
179 16 179 53.1 202.1 53.1 202.1 16
252 173 252 211.1 267.1 211.1 267.1 173
36 73 36 113.1 78.1 113.1 78.1 73
85 88 85 108.1 119.1 108.1 119.1 88
193 88 193 117.1 229.1 117.1 229.1 88
109 150 109 196.1 157.1 196.1 157.1 150
229 252 229 272.1 263.1 272.1 263.1 252
93 247 93 258.1 103.1 258.1 103.1 247
253 134 253 155.1 278.1 155.1 278.1 134
13 2 13 44.1 42.1 44.1 42.1 2
137 124 137 172.1 167.1 172.1 167.1 124
2 155 2 172.1 18.1 172.1 18.1 155
184 208 184 221.1 222.1 221.1 222.1 208
141 118 141 129.1 143.1 129.1 143.1 118
205 192 205 223.1 219.1 223.1 219.1 192
120 156 120 163.1 132.1 163.1 132.1 156
264 187 264 233.1 264.1 233.1 264.1 187
187 37 187 70.1 230.1 70.1 230.1 37
38 8 38 32.1 63.1 32.1 63.1 8
108 145 108 153.1 112.1 153.1 112.1 145
81 144 81 191.1 91.1 191.1 91.1 144
97 104 97 110.1 120.1 110.1 120.1 104
137 235 137 280.1 152.1 280.1 152.1 235
80 91 80 119.1 102.1 119.1 102.1 91
163 34 163 39.1 193.1 39.1 193.1 34
121 241 121 264.1 155.1 264.1 155.1 241
130 116 130 139.1 156.1 139.1 156.1 116
16 208 16 249.1 20.1 249.1 20.1 208
27 231 27 250.1 33.1 250.1 33.1 231
120 113 120 146.1 156.1 146.1 156.1 113
201 154 201 201.1 207.1 201.1 207.1 154
169 242 169 251.1 198.1 251.1 198.1 242
157 211 157 230.1 167.1 230.1 167.1 211
180 210 180 257.1 224.1 257.1 224.1 210
209 135 209 143.1 242.1 143.1 242.1 135
107 74 107 97.1 142.1 97.1 142.1 74
234 8 234 44.1 269.1 44.1 269.1 8
260 186 260 223.1 293.1 223.1 293.1 186
189 210 189 253.1 193.1 253.1 193.1 210
75 102 75 127.1 116.1 127.1 116.1 102
68 46 68 67.1 80.1 67.1 80.1 46
140 69 140 81.1 180.1 81.1 180.1 69
145 78 145 100.1 165.1 100.1 165.1 78
223 148 223 167.1 224.1 167.1 224.1 148
253 25 253 60.1 285.1 60.1 285.1 25
56 100 56 118.1 80.1 118.1 80.1 100
90 141 90 189.1 125.1 189.1 125.1 141
241 220 241 229.1 270.1 229.1 270.1 220
202 237 202 278.1 220.1 278.1 220.1 237
31 118 31 158.1 61.1 158.1 61.1 118
73 138 73 164.1 74.1 164.1 74.1 138
165 89 165 113.1 204.1 113.1 204.1 89
127 121 127 160.1 165.1 160.1 165.1 121
37 84 37 111.1 45.1 111.1 45.1 84
161 124 161 138.1 199.1 138.1 199.1 124
229 72 229 113.1 251.1 113.1 251.1 72
123 28 123 75.1 126.1 75.1 126.1 28
219 248 219 249.1 264.1 249.1 264.1 248
143 221 143 256.1 182.1 256.1 182.1 221
133 247 133 261.1 135.1 261.1 135.1 247
96 17 96 42.1 131.1 42.1 131.1 17
167 242 167 290.1 179.1 290.1 179.1 242
20 131 20 144.1 35.1 144.1 35.1 131
166 65 166 71.1 178.1 71.1 178.1 65
7 177 7 181.1 39.1 181.1 39.1 177
248 102 248 137.1 292.1 137.1 292.1 102
198 243 198 243.1 235.1 243.1 235.1 243
193 128 193 156.1 197.1 156.1 197.1 128
96 72 96 80.1 137.1 80.1 137.1 72
139 202 139 249.1 175.1 249.1 175.1 202
123 157 123 198.1 157.1 198.1 157.1 157
83 242 83 267.1 122.1 267.1 122.1 242
115 240 115 258.1 133.1 258.1 133.1 240
106 7 106 37.1 143.1 37.1 143.1 7
42 218 42 251.1 82.1 251.1 82.1 218
92 17 92 59.1 131.1 59.1 131.1 17
87 36 87 36.1 115.1 36.1 115.1 36
64 201 64 245.1 73.1 245.1 73.1 201
81 161 81 199.1 126.1 199.1 126.1 161
167 51 167 90.1 167.1 90.1 167.1 51
72 39 72 52.1 80.1 52.1 80.1 39
173 165 173 201.1 192.1 201.1 192.1 165
117 70 117 111.1 137.1 111.1 137.1 70
117 95 117 134.1 145.1 134.1 145.1 95
115 214 115 240.1 124.1 240.1 124.1 214
50 166 50 199.1 93.1 199.1 93.1 166
178 3 178 24.1 198.1 24.1 198.1 3
243 25 243 29.1 262.1 29.1 262.1 25
27 262 27 281.1 34.1 281.1 34.1 262
38 207 38 224.1 52.1 224.1 52.1 207
123 23 123 35.1 140.1 35.1 140.1 23
177 243 177 247.1 182.1 247.1 182.1 243
45 71 45 97.1 52.1 97.1 52.1 71
133 231 133 235.1 172.1 235.1 172.1 231
236 112 236 116.1 284.1 116.1 284.1 112
175 229 175 255.1 185.1 255.1 185.1 229
214 131 214 166.1 223.1 166.1 223.1 131
225 217 225 262.1 226.1 262.1 226.1 217
10 247 10 276.1 51.1 276.1 51.1 247
229 165 229 210.1 265.1 210.1 265.1 165
18 126 18 163.1 35.1 163.1 35.1 126
243 162 243 193.1 276.1 193.1 276.1 162
241 255 241 301.1 278.1 301.1 278.1 255
156 31 156 76.1 181.1 76.1 181.1 31
9 52 9 92.1 42.1 92.1 42.1 52
64 227 64 237.1 112.1 237.1 112.1 227
40 94 40 99.1 50.1 99.1 50.1 94
120 203 120 212.1 144.1 212.1 144.1 203
22 34 22 45.1 70.1 45.1 70.1 34
122 45 122 75.1 153.1 75.1 153.1 45
234 63 234 93.1 244.1 93.1 244.1 63
38 170 38 176.1 61.1 176.1 61.1 170
256 48 256 75.1 294.1 75.1 294.1 48
127 206 127 216.1 131.1 216.1 131.1 206
49 80 49 96.1 66.1 96.1 66.1 80
161 53 161 66.1 162.1 66.1 162.1 53
212 203 212 214.1 219.1 214.1 219.1 203
63 207 63 230.1 90.1 230.1 90.1 207
261 121 261 140.1 295.1 140.1 295.1 121
133 30 133 76.1 153.1 76.1 153.1 30
16 66 16 68.1 43.1 68.1 43.1 66
131 210 131 249.1 151.1 249.1 151.1 210
68 200 68 227.1 113.1 227.1 113.1 200
102 224 102 254.1 105.1 254.1 105.1 224
44 206 44 242.1 78.1 242.1 78.1 206
207 99 207 105.1 214.1 105.1 214.1 99
81 64 81 90.1 121.1 90.1 121.1 64
36 73 36 115.1 52.1 115.1 52.1 73
4 211 4 233.1 16.1 233.1 16.1 211
100 222 100 230.1 101.1 230.1 101.1 222
119 100 119 108.1 126.1 108.1 126.1 100
31 205 31 214.1 78.1 214.1 78.1 205
79 222 79 229.1 81.1 229.1 81.1 222
175 132 175 172.1 191.1 172.1 191.1 132
215 194 215 221.1 239.1 221.1 239.1 194
0 144 0 148.1
0 182 0 213.1
0 72 0 93.1
0 241 0 257.1
0 218 0 238.1
0 37 0 61.1
0 148.1 0 148.1
0 148.1 0 154.1
0 213.1 0 213.1
0 213.1 0 218
0 218 0 218
0 238.1 0 238.1
0 238.1 0 241
0 241 0 241
0 257.1 0 257.1
0 257.1 0 270.1
1 34 1 37
0 37 1 37
0 61.1 1 61.1
1 61.1 1 63.1
1 7 1 17.1
1 63.1 1 63.1
1 63.1 1 72
0 72 1 72
1 6 1 7
1 7 1 7
1 17.1 1 17.1
1 17.1 1 34
1 34 1 34
2 129 2 144
0 144 2 144
0 154.1 2 154.1
2 154.1 2 163.1
2 114 2 129
2 129 2 129
2 99 2 114
2 114 2 114
0 93.1 2 93.1
2 93.1 2 99
2 99 2 99
2 163.1 2 163.1
2 163.1 2 172.1
3 177 3 182
0 182 3 182
2 172.1 4 172.1
4 172.1 4 175.1
4 175.1 4 175.1
4 175.1 4 176.1
4 4 4 6
1 6 4 6
4 176.1 4 176.1
4 176.1 4 177
3 177 4 177
0 270.1 5 270.1
5 270.1 5 274.1
5 274.1 6 274.1
6 274.1 6 304.1
7 3 7 4
4 4 7 4
7 2 7 3
7 3 7 3
14 1 14 2
7 2 14 2
14 1 14.1 1
14.1 1 14.1 2
15 0 15 2
14.1 2 15 2
6 304.1 29 304.1
29 304.1 29 304.1
29 304.1 30 304.1
30 304.1 30 306.1
15 0 36.1 0
36.1 0 36.1 2
36.1 2 42.1 2
42.1 2 42.1 2
30 306.1 60 306.1
60 306.1 60 310.1
60 310.1 75.1 310.1
75.1 306.1 75.1 310.1
75.1 306.1 77.1 306.1
77.1 299.1 77.1 306.1
42.1 2 94.1 2
94.1 2 94.1 3
95 0 95 3
94.1 3 95 3
95 0 96.1 0
96.1 0 96.1 3
77.1 299.1 103.1 299.1
103.1 298.1 103.1 299.1
107 1 107 3
96.1 3 107 3
103.1 298.1 122 298.1
122 298.1 122 301.1
122 301.1 127.1 301.1
127.1 298.1 127.1 301.1
127.1 298.1 136.1 298.1
136.1 297.1 136.1 298.1
136.1 297.1 154 297.1
154 297.1 154 307.1
107 1 155.1 1
155.1 1 155.1 4
155.1 4 172.1 4
172.1 4 172.1 4
154 307.1 176.1 307.1
176.1 304.1 176.1 307.1
176.1 304.1 178 304.1
178 304.1 178 307.1
178 3 178 4
172.1 4 178 4
178 307.1 191 307.1
191 307.1 191 307.1
191 307.1 195.1 307.1
195.1 307.1 195.1 307.1
178 3 198.1 3
198.1 3 198.1 3
198.1 3 202.1 3
202.1 3 202.1 6
204 4 204 6
202.1 6 204 6
205 2 205 4
204 4 205 4
195.1 307.1 213.1 307.1
213.1 291.1 213.1 307.1
213.1 291.1 216 291.1
216 291.1 216 305.1
216 305.1 229 305.1
229 305.1 229 307.1
229 307.1 236.1 307.1
236.1 305.1 236.1 307.1
240 0 240 2
205 2 240 2
236.1 305.1 243.1 305.1
243.1 301.1 243.1 305.1
240 0 261.1 0
261.1 0 261.1 4
261.1 4 269.1 4
269.1 4 269.1 4
269.1 4 270.1 4
270.1 4 270.1 6
270.1 6 270.1 6
270.1 6 270.1 7
243.1 301.1 278.1 301.1
278.1 296.1 278.1 301.1
278.1 296.1 279.1 296.1
279.1 283.1 279.1 296.1
270.1 7 289.1 7
289.1 7 289.1 14
289.1 14 291.1 14
291.1 14 291.1 15
291.1 15.1 291.1 26
293.1 29.1 293.1 33
293.1 192.1 293.1 193
293.1 33 294.1 33
294.1 33 294.1 37
291.1 26 295.1 26
293.1 29.1 295.1 29.1
295.1 26 295.1 29.1
294.1 37 296.1 37
296.1 37 296.1 67
293.1 192.1 297.1 192.1
297.1 171.1 297.1 173
297.1 173.1 297.1 192.1
297.1 114.1 297.1 120
296.1 67 297.1 67
297.1 114.1 297.1 114.1
297.1 67 297.1 114.1
291.1 15 298.1 15
291.1 15.1 298.1 15.1
298.1 15 298.1 15.1
297.1 173 298.1 173
297.1 173.1 298.1 173.1
298.1 173 298.1 173.1
298.1 225.1 298.1 229
298.1 225.1 299.1 225.1
299.1 208.1 299.1 209
299.1 216.1 299.1 225.1
298.1 229 300.1 229
300.1 229 300.1 237
293.1 193 301.1 193
299.1 208.1 301.1 208.1
301.1 193 301.1 208.1
300.1 237 301.1 237
301.1 237 301.1 247
301.1 247 302.1 247
279.1 283.1 302.1 283.1
302.1 247 302.1 283.1
297.1 120 305.1 120
305.1 120 305.1 130
297.1 171.1 307.1 171.1
307.1 150.1 307.1 171.1
305.1 130 308.1 130
307.1 150.1 308.1 150.1
308.1 130 308.1 150.1
299.1 209 309.1 209
299.1 216.1 309.1 216.1
309.1 209 309.1 210
309.1 212.1 309.1 216.1
309.1 210 310.1 210
309.1 212.1 310.1 212.1
310.1 210 310.1 212.1
