0 0 0 2 2 2 2 0
1 1 1 3 3 3 3 1
2 2 2 4 4 4 4 2
3 3 3 5 5 5 5 3
4 4 4 6 6 6 6 4
5 5 5 7 7 7 7 5
6 6 6 8 8 8 8 6
7 7 7 9 9 9 9 7
8 8 8 10 10 10 10 8
9 9 9 11 11 11 11 9
10 10 10 12 12 12 12 10
11 11 11 13 13 13 13 11
12 12 12 14 14 14 14 12
13 13 13 15 15 15 15 13
14 14 14 16 16 16 16 14
15 15 15 17 17 17 17 15
16 16 16 18 18 18 18 16
17 17 17 19 19 19 19 17
18 18 18 20 20 20 20 18
19 19 19 21 21 21 21 19
20 20 20 22 22 22 22 20
21 21 21 23 23 23 23 21
22 22 22 24 24 24 24 22
23 23 23 25 25 25 25 23
24 24 24 26 26 26 26 24
25 25 25 27 27 27 27 25
26 26 26 28 28 28 28 26
27 27 27 29 29 29 29 27
28 28 28 30 30 30 30 28
29 29 29 31 31 31 31 29
30 30 30 32 32 32 32 30
31 31 31 33 33 33 33 31
32 32 32 34 34 34 34 32
33 33 33 35 35 35 35 33
34 34 34 36 36 36 36 34
35 35 35 37 37 37 37 35
36 36 36 38 38 38 38 36
37 37 37 39 39 39 39 37
38 38 38 40 40 40 40 38
39 39 39 41 41 41 41 39
40 40 40 42 42 42 42 40
41 41 41 43 43 43 43 41
42 42 42 44 44 44 44 42
43 43 43 45 45 45 45 43
44 44 44 46 46 46 46 44
45 45 45 47 47 47 47 45
46 46 46 48 48 48 48 46
47 47 47 49 49 49 49 47
48 48 48 50 50 50 50 48
49 49 49 51 51 51 51 49
50 0 50 2 52 2 52 0
49 1 49 3 51 3 51 1
48 2 48 4 50 4 50 2
47 3 47 5 49 5 49 3
46 4 46 6 48 6 48 4
45 5 45 7 47 7 47 5
44 6 44 8 46 8 46 6
43 7 43 9 45 9 45 7
42 8 42 10 44 10 44 8
41 9 41 11 43 11 43 9
40 10 40 12 42 12 42 10
39 11 39 13 41 13 41 11
38 12 38 14 40 14 40 12
37 13 37 15 39 15 39 13
36 14 36 16 38 16 38 14
35 15 35 17 37 17 37 15
34 16 34 18 36 18 36 16
33 17 33 19 35 19 35 17
32 18 32 20 34 20 34 18
31 19 31 21 33 21 33 19
30 20 30 22 32 22 32 20
29 21 29 23 31 23 31 21
28 22 28 24 30 24 30 22
27 23 27 25 29 25 29 23
26 24 26 26 28 26 28 24
25 25 25 27 27 27 27 25
24 26 24 28 26 28 26 26
23 27 23 29 25 29 25 27
22 28 22 30 24 30 24 28
21 29 21 31 23 31 23 29
20 30 20 32 22 32 22 30
19 31 19 33 21 33 21 31
18 32 18 34 20 34 20 32
17 33 17 35 19 35 19 33
16 34 16 36 18 36 18 34
15 35 15 37 17 37 17 35
14 36 14 38 16 38 16 36
13 37 13 39 15 39 15 37
12 38 12 40 14 40 14 38
11 39 11 41 13 41 13 39
10 40 10 42 12 42 12 40
9 41 9 43 11 43 11 41
8 42 8 44 10 44 10 42
7 43 7 45 9 45 9 43
6 44 6 46 8 46 8 44
5 45 5 47 7 47 7 45
4 46 4 48 6 48 6 46
3 47 3 49 5 49 5 47
2 48 2 50 4 50 4 48
1 49 1 51 3 51 3 49
0 0 0 2
0 2 1 2
1 2 1 3
1 49 1 51
1 3 2 3
2 3 2 4
2 48 2 49
1 49 2 49
0 0 2 0
2 0 2 1
2 4 3 4
3 4 3 5
3 47 3 48
2 48 3 48
2 1 3 1
3 1 3 2
1 51 3 51
3 50 3 51
3 5 4 5
4 5 4 6
4 46 4 47
3 47 4 47
3 2 4 2
4 2 4 3
3 50 4 50
4 49 4 50
4 6 5 6
5 6 5 7
5 45 5 46
4 46 5 46
4 3 5 3
5 3 5 4
4 49 5 49
5 48 5 49
5 7 6 7
6 7 6 8
6 44 6 45
5 45 6 45
5 4 6 4
6 4 6 5
5 48 6 48
6 47 6 48
6 8 7 8
7 8 7 9
7 43 7 44
6 44 7 44
6 5 7 5
7 5 7 6
6 47 7 47
7 46 7 47
7 9 8 9
8 9 8 10
8 42 8 43
7 43 8 43
7 6 8 6
8 6 8 7
7 46 8 46
8 45 8 46
8 10 9 10
9 10 9 11
9 41 9 42
8 42 9 42
8 7 9 7
9 7 9 8
8 45 9 45
9 44 9 45
9 11 10 11
10 11 10 12
10 40 10 41
9 41 10 41
9 8 10 8
10 8 10 9
9 44 10 44
10 43 10 44
10 12 11 12
11 12 11 13
11 39 11 40
10 40 11 40
10 9 11 9
11 9 11 10
10 43 11 43
11 42 11 43
11 13 12 13
12 13 12 14
12 38 12 39
11 39 12 39
11 10 12 10
12 10 12 11
11 42 12 42
12 41 12 42
12 14 13 14
13 14 13 15
13 37 13 38
12 38 13 38
12 11 13 11
13 11 13 12
12 41 13 41
13 40 13 41
13 15 14 15
14 15 14 16
14 36 14 37
13 37 14 37
13 12 14 12
14 12 14 13
13 40 14 40
14 39 14 40
14 16 15 16
15 16 15 17
15 35 15 36
14 36 15 36
14 13 15 13
15 13 15 14
14 39 15 39
15 38 15 39
15 17 16 17
16 17 16 18
16 34 16 35
15 35 16 35
15 14 16 14
16 14 16 15
15 38 16 38
16 37 16 38
16 18 17 18
17 18 17 19
17 33 17 34
16 34 17 34
16 15 17 15
17 15 17 16
16 37 17 37
17 36 17 37
17 19 18 19
18 19 18 20
18 32 18 33
17 33 18 33
17 16 18 16
18 16 18 17
17 36 18 36
18 35 18 36
18 20 19 20
19 20 19 21
19 31 19 32
18 32 19 32
18 17 19 17
19 17 19 18
18 35 19 35
19 34 19 35
19 21 20 21
20 21 20 22
20 30 20 31
19 31 20 31
19 18 20 18
20 18 20 19
19 34 20 34
20 33 20 34
20 22 21 22
21 22 21 23
21 29 21 30
20 30 21 30
20 19 21 19
21 19 21 20
20 33 21 33
21 32 21 33
21 23 22 23
22 23 22 24
22 28 22 29
21 29 22 29
21 20 22 20
22 20 22 21
21 32 22 32
22 31 22 32
22 24 23 24
23 24 23 25
23 27 23 28
22 28 23 28
22 21 23 21
23 21 23 22
22 31 23 31
23 30 23 31
23 25 24 25
24 25 24 26
24 26 24 26
24 26 24 27
23 27 24 27
23 22 24 22
24 22 24 23
23 30 24 30
24 29 24 30
24 23 25 23
25 23 25 24
24 29 25 29
25 28 25 29
25 28 26 28
26 28 26 28
25 24 26 24
26 24 26 24
26 28 26 28
26 28 26 28
26 28 27 28
27 28 27 29
27 23 27 24
26 24 27 24
27 29 28 29
28 29 28 30
28 22 28 23
27 23 28 23
28 26 28 27
28 26 28 26
28 25 28 26
28 30 29 30
29 30 29 31
29 21 29 22
28 22 29 22
28 27 29 27
29 27 29 28
28 25 29 25
29 24 29 25
29 31 30 31
30 31 30 32
30 20 30 21
29 21 30 21
29 28 30 28
30 28 30 29
29 24 30 24
30 23 30 24
30 32 31 32
31 32 31 33
31 19 31 20
30 20 31 20
30 29 31 29
31 29 31 30
30 23 31 23
31 22 31 23
31 33 32 33
32 33 32 34
32 18 32 19
31 19 32 19
31 30 32 30
32 30 32 31
31 22 32 22
32 21 32 22
32 34 33 34
33 34 33 35
33 17 33 18
32 18 33 18
32 31 33 31
33 31 33 32
32 21 33 21
33 20 33 21
33 35 34 35
34 35 34 36
34 16 34 17
33 17 34 17
33 32 34 32
34 32 34 33
33 20 34 20
34 19 34 20
34 36 35 36
35 36 35 37
35 15 35 16
34 16 35 16
34 33 35 33
35 33 35 34
34 19 35 19
35 18 35 19
35 37 36 37
36 37 36 38
36 14 36 15
35 15 36 15
35 34 36 34
36 34 36 35
35 18 36 18
36 17 36 18
36 38 37 38
37 38 37 39
37 13 37 14
36 14 37 14
36 35 37 35
37 35 37 36
36 17 37 17
37 16 37 17
37 39 38 39
38 39 38 40
38 12 38 13
37 13 38 13
37 36 38 36
38 36 38 37
37 16 38 16
38 15 38 16
38 40 39 40
39 40 39 41
39 11 39 12
38 12 39 12
38 37 39 37
39 37 39 38
38 15 39 15
39 14 39 15
39 41 40 41
40 41 40 42
40 10 40 11
39 11 40 11
39 38 40 38
40 38 40 39
39 14 40 14
40 13 40 14
40 42 41 42
41 42 41 43
41 9 41 10
40 10 41 10
40 39 41 39
41 39 41 40
40 13 41 13
41 12 41 13
41 43 42 43
42 43 42 44
42 8 42 9
41 9 42 9
41 40 42 40
42 40 42 41
41 12 42 12
42 11 42 12
42 44 43 44
43 44 43 45
43 7 43 8
42 8 43 8
42 41 43 41
43 41 43 42
42 11 43 11
43 10 43 11
43 45 44 45
44 45 44 46
44 6 44 7
43 7 44 7
43 42 44 42
44 42 44 43
43 10 44 10
44 9 44 10
44 46 45 46
45 46 45 47
45 5 45 6
44 6 45 6
44 43 45 43
45 43 45 44
44 9 45 9
45 8 45 9
45 47 46 47
46 47 46 48
46 4 46 5
45 5 46 5
45 44 46 44
46 44 46 45
45 8 46 8
46 7 46 8
46 48 47 48
47 48 47 49
47 3 47 4
46 4 47 4
46 45 47 45
47 45 47 46
46 7 47 7
47 6 47 7
47 49 48 49
48 49 48 50
48 2 48 3
47 3 48 3
47 46 48 46
48 46 48 47
47 6 48 6
48 5 48 6
48 50 49 50
49 50 49 51
49 1 49 2
48 2 49 2
48 47 49 47
49 47 49 48
48 5 49 5
49 4 49 5
50 0 50 1
49 1 50 1
49 48 50 48
50 48 50 49
49 4 50 4
50 3 50 4
50 49 51 49
49 51 51 51
51 49 51 51
50 3 51 3
51 2 51 3
50 0 52 0
51 2 52 2
52 0 52 2
