50 23 50 30 54 30 54 23
64 71 64 74 70 74 70 71
12 13 12 23 15 23 15 13
42 34 42 42 52 42 52 34
34 52 34 62 35 62 35 52
36 99 36 107 42 107 42 99
94 71 94 76 96 76 96 71
54 10 54 11 58 11 58 10
62 56 62 59 66 59 66 56
18 10 18 10 28 10 28 10
95 49 95 55 98 55 98 49
6 96 6 103 13 103 13 96
49 98 49 107 49 107 49 98
35 71 35 76 40 76 40 71
8 98 8 106 10 106 10 98
67 69 67 72 67 72 67 69
52 71 52 81 57 81 57 71
24 34 24 40 28 40 28 34
95 99 95 100 95 100 95 99
65 53 65 61 72 61 72 53
22 27 22 32 24 32 24 27
0 44 0 45 6 45 6 44
31 39 31 48 35 48 35 39
27 80 27 88 36 88 36 80
54 48 54 51 54 51 54 48
81 1 81 6 86 6 86 1
4 48 4 52 9 52 9 48
65 96 65 98 65 98 65 96
71 61 71 68 73 68 73 61
47 51 47 51 53 51 53 51
51 18 51 23 56 23 56 18
74 40 74 47 77 47 77 40
36 74 36 82 39 82 39 74
45 43 45 45 52 45 52 43
75 52 75 54 83 54 83 52
19 35 19 39 20 39 20 35
83 13 83 19 86 19 86 13
95 40 95 46 96 46 96 40
30 42 30 45 35 45 35 42
22 99 22 109 29 109 29 99
16 42 16 47 24 47 24 42
76 100 76 105 76 105 76 100
76 18 76 25 82 25 82 18
81 69 81 74 90 74 90 69
59 28 59 28 66 28 66 28
39 97 39 99 45 99 45 97
75 67 75 68 77 68 77 67
3 78 3 80 10 80 10 78
35 61 35 71 45 71 45 61
35 42 35 48 39 48 39 42
52 22 52 30 56 30 56 22
8 93 8 95 11 95 11 93
74 28 74 31 77 31 77 28
92 51 92 59 93 59 93 51
27 99 27 106 29 106 29 99
20 94 20 99 26 99 26 94
77 25 77 32 87 32 87 25
40 48 40 54 44 54 44 48
65 33 65 41 67 41 67 33
31 76 31 86 37 86 37 76
95 70 95 70 101 70 101 70
40 97 40 100 50 100 50 97
91 9 91 13 93 13 93 9
29 62 29 68 30 68 30 62
69 96 69 99 71 99 71 96
92 46 92 53 93 53 93 46
36 43 36 46 40 46 40 43
96 86 96 92 105 92 105 86
66 3 66 4 72 4 72 3
94 49 94 49 104 49 104 49
56 46 56 48 57 48 57 46
27 44 27 47 31 47 31 44
63 81 63 90 72 90 72 81
71 96 71 104 81 104 81 96
41 72 41 75 41 75 41 72
69 63 69 67 76 67 76 63
28 59 28 64 34 64 34 59
65 91 65 95 70 95 70 91
15 98 15 102 17 102 17 98
11 8 11 11 20 11 20 8
34 27 34 36 43 36 43 27
14 40 14 43 14 43 14 40
46 9 46 19 56 19 56 9
12 90 12 91 13 91 13 90
4 72 4 77 10 77 10 72
82 78 82 88 86 88 86 78
65 12 65 14 68 14 68 12
45 71 45 79 49 79 49 71
30 84 30 94 40 94 40 84
94 43 94 46 104 46 104 43
10 43 10 53 13 53 13 43
6 53 6 59 8 59 8 53
25 85 25 92 32 92 32 85
24 3 24 10 28 10 28 3
8 46 8 53 9 53 9 46
68 68 68 72 77 72 77 68
44 70 44 73 45 73 45 70
73 38 73 42 82 42 82 38
62 49 62 55 68 55 68 49
3 89 3 97 8 97 8 89
7 48 7 49 13 49 13 48
21 74 21 78 23 78 23 74
54 68 54 71 57 71 57 68
90 10 90 20 94 20 94 10
39 37 39 43 40 43 40 37
4 66 4 73 10 73 10 66
36 59 36 64 41 64 41 59
17 9 17 12 19 12 19 9
47 83 47 92 57 92 57 83
20 77 20 87 29 87 29 77
25 96 25 96 31 96 31 96
84 43 84 52 85 52 85 43
47 47 47 56 57 56 57 47
76 88 76 94 82 94 82 88
15 99 15 105 18 105 18 99
97 23 97 30 99 30 99 23
23 62 23 67 32 67 32 62
15 97 15 106 20 106 20 97
14 59 14 61 16 61 16 59
38 97 38 98 38 98 38 97
82 0 82 5 92 5 92 0
7 41 7 46 14 46 14 41
47 24 47 33 48 33 48 24
52 53 52 60 59 60 59 53
31 59 31 65 31 65 31 59
3 62 3 68 9 68 9 62
68 92 68 96 74 96 74 92
14 97 14 101 14 101 14 97
91 57 91 58 97 58 97 57
51 82 51 92 59 92 59 82
88 65 88 69 89 69 89 65
43 81 43 83 46 83 46 81
51 89 51 95 54 95 54 89
54 41 54 43 60 43 60 41
22 57 22 58 27 58 27 57
12 20 12 28 15 28 15 20
79 3 79 5 86 5 86 3
32 38 32 41 42 41 42 38
3 91 3 101 8 101 8 91
84 30 84 36 92 36 92 30
24 83 24 88 32 88 32 83
33 50 33 52 42 52 42 50
9 7 9 11 13 11 13 7
60 83 60 84 65 84 65 83
77 29 77 29 85 29 85 29
47 38 47 39 50 39 50 38
72 51 72 60 75 60 75 51
80 32 80 41 88 41 88 32
36 81 36 89 45 89 45 81
58 34 58 42 66 42 66 34
49 17 49 21 51 21 51 17
45 61 45 67 46 67 46 61
51 6 51 6 55 6 55 6
62 50 62 50 65 50 65 50
6 72 6 82 14 82 14 72
87 0 87 3 94 3 94 0
78 61 78 68 87 68 87 61
87 90 87 96 94 96 94 90
25 34 25 41 27 41 27 34
39 1 39 5 48 5 48 1
25 6 25 11 25 11 25 6
88 95 88 96 96 96 96 95
56 99 56 104 64 104 64 99
67 11 67 18 67 18 67 11
88 14 88 24 89 24 89 14
72 5 72 14 77 14 77 5
95 18 95 23 96 23 96 18
85 83 85 92 95 92 95 83
41 6 41 9 46 9 46 6
22 68 22 73 22 73 22 68
57 85 57 95 62 95 62 85
87 81 87 81 96 81 96 81
60 31 60 37 64 37 64 31
21 87 21 89 27 89 27 87
77 0 77 9 77 9 77 0
38 15 38 22 47 22 47 15
80 67 80 73 85 73 85 67
17 87 17 94 24 94 24 87
61 55 61 58 70 58 70 55
66 97 66 105 71 105 71 97
62 6 62 6 69 6 69 6
49 61 49 63 49 63 49 61
16 28 16 38 20 38 20 28
85 82 85 89 88 89 88 82
13 39 13 40 20 40 20 39
27 17 27 24 30 24 30 17
22 41 22 47 22 47 22 41
70 30 70 36 80 36 80 30
97 70 97 71 102 71 102 70
16 14 16 19 21 19 21 14
25 56 25 65 34 65 34 56
94 84 94 91 94 91 94 84
17 60 17 65 27 65 27 60
66 94 66 104 66 104 66 94
59 28 59 36 61 36 61 28
84 3 84 9 92 9 92 3
98 98 98 103 107 103 107 98
53 86 53 94 56 94 56 86
7 87 7 94 15 94 15 87
87 27 87 37 91 37 91 27
20 64 20 70 28 70 28 64
91 55 91 64 92 64 92 55
87 28 87 38 97 38 97 28
40 54 40 55 44 55 44 54
56 29 56 36 59 36 59 29
23 38 23 42 24 42 24 38
4 25 4 28 11 28 11 25
58 47 58 54 68 54 68 47
38 65 38 74 43 74 43 65
62 38 62 44 69 44 69 38
10 92 10 96 19 96 19 92
76 48 76 58 80 58 80 48
92 63 92 72 99 72 99 63
15 47 15 53 24 53 24 47
90 10 90 17 91 17 91 10
31 42 31 42 40 42 40 42
60 98 60 101 66 101 66 98
64 76 64 77 69 77 69 76
34 18 34 19 34 19 34 18
43 25 43 34 49 34 49 25
24 30 24 38 25 38 25 30
85 1 85 11 86 11 86 1
18 38 18 46 26 46 26 38
6 48 6 55 10 55 10 48
18 38 18 46 24 46 24 38
42 4 42 7 51 7 51 4
46 10 46 12 53 12 53 10
34 38 34 48 40 48 40 38
38 64 38 73 45 73 45 64
88 30 88 39 91 39 91 30
81 28 81 38 86 38 86 28
14 97 14 107 16 107 16 97
19 98 19 99 27 99 27 98
38 96 38 106 48 106 48 96
80 27 80 29 89 29 89 27
18 82 18 92 26 92 26 82
11 61 11 70 15 70 15 61
82 31 82 37 82 37 82 31
33 100 33 103 40 103 40 100
2 100 2 100 12 100 12 100
51 34 51 43 59 43 59 34
19 72 19 74 19 74 19 72
66 22 66 28 76 28 76 22
29 5 29 10 37 10 37 5
42 64 42 67 49 67 49 64
21 75 21 75 31 75 31 75
10 74 10 84 17 84 17 74
7 96 7 106 13 106 13 96
81 84 81 85 91 85 91 84
21 40 21 49 26 49 26 40
87 44 87 48 92 48 92 44
42 78 42 85 45 85 45 78
17 5 17 8 24 8 24 5
73 12 73 14 78 14 78 12
73 92 73 95 83 95 83 92
28 19 28 20 36 20 36 19
58 6 58 8 59 8 59 6
31 37 31 37 37 37 37 37
45 21 45 31 50 31 50 21
94 34 94 43 97 43 97 34
46 36 46 45 48 45 48 36
86 23 86 23 92 23 92 23
89 39 89 46 94 46 94 39
84 65 84 66 84 66 84 65
47 17 47 21 50 21 50 17
92 27 92 35 92 35 92 27
64 34 64 42 66 42 66 34
29 21 29 28 39 28 39 21
1 89 1 91 2 91 2 89
51 77 51 78 58 78 58 77
64 54 64 54 69 54 69 54
7 65 7 67 16 67 16 65
49 83 49 91 58 91 58 83
55 2 55 9 65 9 65 2
42 48 42 56 43 56 43 48
91 36 91 45 95 45 95 36
20 82 20 86 30 86 30 82
28 85 28 92 37 92 37 85
99 9 99 17 104 17 104 9
27 17 27 20 34 20 34 17
14 83 14 89 19 89 19 83
92 33 92 34 96 34 96 33
37 33 37 38 42 38 42 33
41 55 41 64 51 64 51 55
44 100 44 106 54 106 54 100
67 10 67 11 71 11 71 10
98 57 98 63 102 63 102 57
34 14 34 16 37 16 37 14
72 89 72 90 81 90 81 89
78 1 78 11 82 11 82 1
22 25 22 25 26 25 26 25
79 94 79 94 81 94 81 94
29 10 29 16 30 16 30 10
13 83 13 84 16 84 16 83
80 77 80 77 87 77 87 77
56 89 56 90 64 90 64 89
67 16 67 25 70 25 70 16
73 96 73 102 81 102 81 96
45 34 45 34 55 34 55 34
23 0 23 1e-10 25 1e-10 25 0
25 40 25 43 31 43 31 40
16 22 16 29 16 29 16 22
5 95 5 103 9 103 9 95
73 6 73 14 80 14 80 6
75 43 75 45 83 45 83 43
17 35 17 40 24 40 24 35
71 62 71 63 80 63 80 62
86 11 86 16 95 16 95 11
12 67 12 68 21 68 21 67
58 54 58 63 59 63 59 54
47 44 47 51 51 51 51 44
89 47 89 55 94 55 94 47
13 96 13 105 16 105 16 96
76 42 76 52 81 52 81 42
62 42 62 49 67 49 67 42
82 26 82 35 82 35 82 26
55 84 55 85 56 85 56 84
86 82 86 90 90 90 90 82
19 10 19 12 25 12 25 10
96 21 96 25 105 25 105 21
81 81 81 87 87 87 87 81
75 87 75 90 76 90 76 87
41 46 41 51 41 51 41 46
59 86 59 86 63 86 63 86
34 72 34 80 44 80 44 72
72 15 72 20 82 20 82 15
30 45 30 50 39 50 39 45
98 86 98 92 102 92 102 86
17 69 17 76 27 76 27 69
22 46 22 55 23 55 23 46
5 54 5 55 7 55 7 54
74 62 74 68 74 68 74 62
95 39 95 39 99 39 99 39
9 66 9 75 12 75 12 66
84 61 84 61 85 61 85 61
2 0 2 6 6 6 6 0
63 15 63 22 64 22 64 15
22 41 22 42 31 42 31 41
14 42 14 43 24 43 24 42
4 4 4 10 6 10 6 4
98 72 98 75 102 75 102 72
64 70 64 73 74 73 74 70
24 99 24 104 26 104 26 99
72 52 72 53 74 53 74 52
31 36 31 42 34 42 34 36
67 100 67 104 72 104 72 100
87 17 87 26 95 26 95 17
3 98 3 98 8 98 8 98
79 27 79 30 89 30 89 27
29 83 29 93 34 93 34 83
53 47 53 51 56 51 56 47
11 72 11 75 15 75 15 72
27 36 27 37 37 37 37 36
31 23 31 28 41 28 41 23
6 100 6 107 14 107 14 100
47 64 47 66 54 66 54 64
19 29 19 29 27 29 27 29
52 50 52 60 54 60 54 50
86 79 86 87 87 87 87 79
48 6 48 15 50 15 50 6
13 43 13 51 14 51 14 43
97 29 97 36 100 36 100 29
42 33 42 42 42 42 42 33
58 62 58 69 64 69 64 62
36 88 36 89 42 89 42 88
100 81 100 85 102 85 102 81
2 83 2 84 7 84 7 83
80 93 80 94 87 94 87 93
99 1 99 9 99 9 99 1
48 35 48 39 51 39 51 35
17 7 17 15 27 15 27 7
32 33 32 36 33 36 33 33
33 9 33 15 36 15 36 9
46 32 46 36 55 36 55 32
10 88 10 89 19 89 19 88
34 26 34 30 35 30 35 26
91 58 91 65 91 65 91 58
31 59 31 64 41 64 41 59
40 62 40 68 50 68 50 62
55 12 55 14 60 14 60 12
73 24 73 26 77 26 77 24
3 54 3 58 10 58 10 54
6 70 6 76 12 76 12 70
92 19 92 26 101 26 101 19
93 99 93 108 95 108 95 99
14 75 14 77 14 77 14 75
60 51 60 55 68 55 68 51
70 64 70 70 71 70 71 64
17 72 17 82 26 82 26 72
27 25 27 27 35 27 35 25
46 97 46 99 52 99 52 97
58 77 58 81 60 81 60 77
6 18 6 22 13 22 13 18
22 34 22 39 24 39 24 34
86 17 86 22 91 22 91 17
72 19 72 20 77 20 77 19
57 58 57 58 60 58 60 58
63 85 63 85 65 85 65 85
69 20 69 29 78 29 78 20
2 38 2 42 9 42 9 38
60 93 60 100 68 100 68 93
60 43 60 53 66 53 66 43
10 20 10 29 13 29 13 20
49 27 49 30 49 30 49 27
57 21 57 22 63 22 63 21
11 78 11 79 12 79 12 78
80 94 80 99 89 99 89 94
11 5 11 8 13 8 13 5
41 27 41 32 46 32 46 27
82 5 82 9 86 9 86 5
52 32 52 37 57 37 57 32
47 20 47 29 48 29 48 20
21 88 21 97 30 97 30 88
73 37 73 41 75 41 75 37
63 57 63 62 69 62 69 57
83 18 83 26 84 26 84 18
42 94 42 94 46 94 46 94
64 29 64 33 65 33 65 29
26 46 26 50 26 50 26 46
21 59 21 64 29 64 29 59
60 0 60 2 66 2 66 0
83 7 83 12 91 12 91 7
63 94 63 94 64 94 64 94
61 76 61 78 61 78 61 76
88 78 88 85 94 85 94 78
22 58 22 64 24 64 24 58
18 83 18 83 18 83 18 83
95 27 95 27 100 27 100 27
28 19 28 25 29 25 29 19
84 39 84 42 94 42 94 39
52 77 52 78 58 78 58 77
67 20 67 23 68 23 68 20
40 41 40 48 45 48 45 41
95 41 95 46 102 46 102 41
90 4 90 8 100 8 100 4
73 92 73 93 82 93 82 92
31 45 31 52 40 52 40 45
74 99 74 106 78 106 78 99
66 42 66 44 67 44 67 42
86 34 86 42 95 42 95 34
82 82 82 92 83 92 83 82
85 7 85 9 86 9 86 7
61 69 61 77 64 77 64 69
6 25 6 28 8 28 8 25
35 39 35 39 42 39 42 39
11 74 11 77 14 77 14 74
45 13 45 20 46 20 46 13
44 74 44 82 49 82 49 74
98 74 98 81 104 81 104 74
40 30 40 35 40 35 40 30
87 91 87 95 97 95 97 91
85 9 85 13 86 13 86 9
53 17 53 25 55 25 55 17
91 47 91 51 95 51 95 47
27 8 27 18 28 18 28 8
37 71 37 79 40 79 40 71
84 14 84 17 86 17 86 14
23 43 23 49 33 49 33 43
62 96 62 100 63 100 63 96
8 42 8 49 12 49 12 42
96 53 96 58 103 58 103 53
92 31 92 33 95 33 95 31
91 37 91 39 101 39 101 37
21 86 21 95 22 95 22 86
84 34 84 35 89 35 89 34
41 24 41 25 50 25 50 24
64 32 64 42 72 42 72 32
57 60 57 60 60 60 60 60
64 45 64 53 68 53 68 45
22 78 22 83 25 83 25 78
89 15 89 23 93 23 93 15
25 83 25 83 27 83 27 83
2 0 2 6 7 6 7 0
89 93 89 98 98 98 98 93
23 100 23 106 32 106 32 100
37 29 37 34 46 34 46 29
10 45 10 49 16 49 16 45
59 55 59 59 68 59 68 55
64 12 64 17 66 17 66 12
13 81 13 88 21 88 21 81
44 69 44 76 44 76 44 69
43 19 43 25 50 25 50 19
81 95 81 101 82 101 82 95
65 47 65 49 72 49 72 47
11 96 11 104 14 104 14 96
15 75 15 80 20 80 20 75
33 90 33 96 33 96 33 90
3 37 3 40 9 40 9 37
76 87 76 87 83 87 83 87
12 92 12 101 14 101 14 92
19 78 19 84 27 84 27 78
71 11 71 20 77 20 77 11
66 77 66 80 69 80 69 77
2 58 2 61 9 61 9 58
40 94 40 97 48 97 48 94
93 33 93 36 97 36 97 33
37 74 37 75 47 75 47 74
66 27 66 36 75 36 75 27
28 11 28 16 36 16 36 11
11 43 11 45 11 45 11 43
10 54 10 59 13 59 13 54
25 55 25 58 29 58 29 55
14 67 14 68 16 68 16 67
83 8 83 8 89 8 89 8
29 78 29 86 32 86 32 78
56 87 56 94 57 94 57 87
97 35 97 37 107 37 107 35
56 12 56 12 58 12 58 12
93 56 93 60 99 60 99 56
50 97 50 102 55 102 55 97
12 77 12 83 19 83 19 77
5 31 5 32 14 32 14 31
91 39 91 39 95 39 95 39
44 51 44 60 53 60 53 51
21 27 21 31 23 31 23 27
1 1 1 2 5 2 5 1
16 17 16 22 18 22 18 17
67 47 67 52 67 52 67 47
2 62 2 66 9 66 9 62
74 20 74 29 82 29 82 20
29 32 29 34 32 34 32 32
47 92 47 95 51 95 51 92
40 35 40 40 43 40 43 35
84 16 84 20 84 20 84 16
64 78 64 82 72 82 72 78
78 84 78 92 83 92 83 84
19 34 19 43 27 43 27 34
88 26 88 26 96 26 96 26
76 87 76 95 76 95 76 87
32 99 32 99 33 99 33 99
94 36 94 36 96 36 96 36
24 6 24 12 30 12 30 6
64 84 64 87 64 87 64 84
26 85 26 91 30 91 30 85
6 29 6 33 6 33 6 29
44 40 44 49 49 49 49 40
98 52 98 59 104 59 104 52
81 32 81 35 82 35 82 32
13 70 13 78 19 78 19 70
57 34 57 40 60 40 60 34
64 8 64 8 67 8 67 8
36 26 36 28 40 28 40 26
48 47 48 53 53 53 53 47
17 73 17 78 26 78 26 73
95 95 95 99 101 99 101 95
44 83 44 93 47 93 47 83
22 84 22 84 25 84 25 84
42 79 42 85 44 85 44 79
36 12 36 13 37 13 37 12
11 28 11 35 14 35 14 28
81 49 81 54 82 54 82 49
70 40 70 40 78 40 78 40
100 86 100 96 101 96 101 86
48 84 48 89 51 89 51 84
28 0 28 4 35 4 35 0
14 99 14 104 23 104 23 99
70 92 70 94 73 94 73 92
39 98 39 107 46 107 46 98
24 51 24 53 27 53 27 51
8 54 8 63 12 63 12 54
99 15 99 19 102 19 102 15
76 2 76 8 77 8 77 2
7 77 7 80 17 80 17 77
41 39 41 40 51 40 51 39
8 65 8 73 18 73 18 65
65 16 65 20 74 20 74 16
23 70 23 74 25 74 25 70
80 8 80 13 89 13 89 8
35 90 35 100 42 100 42 90
81 29 81 32 91 32 91 29
96 27 96 32 106 32 106 27
1 8 1 12 2 12 2 8
25 19 25 19 30 19 30 19
70 71 70 76 80 76 80 71
18 42 18 43 20 43 20 42
37 37 37 40 37 40 37 37
97 65 97 67 99 67 99 65
29 36 29 43 32 43 32 36
75 60 75 69 78 69 78 60
78 65 78 66 84 66 84 65
49 47 49 48 50 48 50 47
72 96 72 99 79 99 79 96
64 61 64 65 67 65 67 61
65 48 65 54 65 54 65 48
26 17 26 17 29 17 29 17
74 61 74 70 83 70 83 61
84 11 84 15 86 15 86 11
44 63 44 65 54 65 54 63
97 50 97 55 98 55 98 50
4 38 4 48 14 48 14 38
54 55 54 65 54 65 54 55
28 5 28 5 36 5 36 5
40 25 40 29 49 29 49 25
29 96 29 100 35 100 35 96
60 78 60 87 68 87 68 78
72 9 72 15 78 15 78 9
75 64 75 65 76 65 76 64
2 74 2 77 6 77 6 74
36 61 36 67 46 67 46 61
80 4 80 5 86 5 86 4
18 25 18 25 28 25 28 25
41 73 41 76 41 76 41 73
28 38 28 40 34 40 34 38
9 66 9 76 18 76 18 66
84 93 84 96 94 96 94 93
71 59 71 63 72 63 72 59
40 22 40 23 46 23 46 22
32 87 32 87 42 87 42 87
100 57 100 67 109 67 109 57
37 2 37 6 47 6 47 2
11 46 11 56 16 56 16 46
87 95 87 99 97 99 97 95
62 41 62 42 67 42 67 41
80 20 80 26 80 26 80 20
54 62 54 70 63 70 63 62
89 89 89 91 91 91 91 89
40 91 40 99 50 99 50 91
91 52 91 54 96 54 96 52
34 13 34 23 38 23 38 13
12 23 12 25 21 25 21 23
32 53 32 60 38 60 38 53
67 59 67 64 76 64 76 59
60 40 60 41 70 41 70 40
32 85 32 89 35 89 35 85
76 52 76 53 86 53 86 52
9 91 9 96 10 96 10 91
69 87 69 96 69 96 69 87
93 56 93 56 102 56 102 56
90 14 90 16 90 16 90 14
38 25 38 33 40 33 40 25
26 63 26 63 33 63 33 63
10 58 10 58 18 58 18 58
28 24 28 29 28 29 28 24
61 8 61 15 64 15 64 8
60 60 60 62 68 62 68 60
62 57 62 57 71 57 71 57
47 93 47 96 49 96 49 93
53 29 53 30 53 30 53 29
98 33 98 43 98 43 98 33
40 1 40 8 50 8 50 1
86 52 86 59 88 59 88 52
98 78 98 81 108 81 108 78
99 32 99 42 101 42 101 32
38 34 38 36 40 36 40 34
62 98 62 108 69 108 69 98
56 0 56 1 60 1 60 0
25 0 25 5 33 5 33 0
83 42 83 42 87 42 87 42
9 96 9 106 17 106 17 96
39 44 39 52 43 52 43 44
96 67 96 67 103 67 103 67
54 77 54 78 55 78 55 77
100 79 100 85 109 85 109 79
16 97 16 102 24 102 24 97
77 62 77 63 83 63 83 62
59 67 59 67 66 67 66 67
47 96 47 102 49 102 49 96
5 89 5 95 11 95 11 89
79 50 79 50 84 50 84 50
22 86 22 87 25 87 25 86
19 80 19 89 22 89 22 80
23 89 23 96 28 96 28 89
73 96 73 98 78 98 78 96
39 36 39 41 46 41 46 36
96 53 96 57 97 57 97 53
11 56 11 65 14 65 14 56
27 23 27 32 36 32 36 23
24 15 24 23 26 23 26 15
26 21 26 22 31 22 31 21
78 7 78 13 88 13 88 7
3 50 3 52 13 52 13 50
4 29 4 36 11 36 11 29
54 21 54 25 54 25 54 21
65 36 65 40 75 40 75 36
85 4 85 6 91 6 91 4
45 63 45 69 48 69 48 63
47 85 47 87 52 87 52 85
22 65 22 66 23 66 23 65
49 90 49 100 56 100 56 90
84 77 84 80 85 80 85 77
18 39 18 41 18 41 18 39
36 24 36 27 43 27 43 24
82 57 82 65 86 65 86 57
31 33 31 39 38 39 38 33
73 47 73 57 80 57 80 47
55 30 55 38 60 38 60 30
37 28 37 32 45 32 45 28
63 8 63 8 70 8 70 8
10 19 10 21 13 21 13 19
34 93 34 94 36 94 36 93
14 36 14 42 22 42 22 36
57 16 57 16 66 16 66 16
12 20 12 22 17 22 17 20
40 29 40 30 43 30 43 29
16 42 16 50 18 50 18 42
42 8 42 8 48 8 48 8
2 74 2 84 8 84 8 74
89 24 89 34 97 34 97 24
3 85 3 88 12 88 12 85
47 57 47 62 51 62 51 57
87 17 87 20 93 20 93 17
86 76 86 85 92 85 92 76
84 80 84 84 91 84 91 80
75 66 75 72 84 72 84 66
18 27 18 37 20 37 20 27
70 73 70 79 75 79 75 73
93 55 93 56 102 56 102 55
90 97 90 107 99 107 99 97
91 10 91 15 93 15 93 10
47 19 47 22 49 22 49 19
5 59 5 66 11 66 11 59
84 50 84 53 91 53 91 50
10 35 10 36 19 36 19 35
42 78 42 79 51 79 51 78
80 75 80 79 88 79 88 75
57 42 57 50 66 50 66 42
75 40 75 48 82 48 82 40
18 43 18 43 27 43 27 43
42 29 42 32 50 32 50 29
96 13 96 22 97 22 97 13
22 2 22 9 25 9 25 2
63 30 63 37 67 37 67 30
34 61 34 64 42 64 42 61
25 5 25 5 29 5 29 5
9 52 9 54 17 54 17 52
73 66 73 71 77 71 77 66
20 31 20 34 24 34 24 31
74 90 74 90 75 90 75 90
78 81 78 86 79 86 79 81
40 4 40 8 50 8 50 4
26 95 26 103 35 103 35 95
47 76 47 78 47 78 47 76
88 8 88 8 90 8 90 8
88 100 88 109 93 109 93 100
87 92 87 92 89 92 89 92
7 58 7 63 14 63 14 58
52 30 52 36 59 36 59 30
32 13 32 16 38 16 38 13
64 12 64 16 72 16 72 12
21 91 21 97 28 97 28 91
100 40 100 48 109 48 109 40
41 89 41 91 45 91 45 89
4 61 4 61 8 61 8 61
71 2 71 6 73 6 73 2
54 93 54 94 63 94 63 93
34 15 34 16 44 16 44 15
89 9 89 16 96 16 96 9
70 34 70 42 77 42 77 34
78 60 78 63 79 63 79 60
80 68 80 71 88 71 88 68
73 28 73 28 79 28 79 28
93 83 93 86 102 86 102 83
99 35 99 41 104 41 104 35
68 72 68 82 72 82 72 72
63 15 63 24 66 24 66 15
95 76 95 83 97 83 97 76
91 7 91 15 95 15 95 7
62 16 62 19 63 19 63 16
52 73 52 73 57 73 57 73
18 61 18 66 28 66 28 61
9 20 9 27 12 27 12 20
69 45 69 52 71 52 71 45
59 1 59 1 63 1 63 1
77 81 77 88 78 88 78 81
60 8 60 14 65 14 65 8
56 48 56 55 63 55 63 48
26 39 26 41 36 41 36 39
17 59 17 68 22 68 22 59
15 43 15 45 25 45 25 43
67 25 67 26 75 26 75 25
74 32 74 32 76 32 76 32
18 66 18 66 23 66 23 66
53 77 53 81 55 81 55 77
84 53 84 61 92 61 92 53
27 50 27 56 28 56 28 50
63 100 63 106 70 106 70 100
52 61 52 71 57 71 57 61
79 59 79 60 83 60 83 59
87 71 87 76 87 76 87 71
57 88 57 90 63 90 63 88
10 48 10 51 13 51 13 48
92 22 92 28 94 28 94 22
73 98 73 103 81 103 81 98
27 93 27 99 37 99 37 93
69 45 69 45 76 45 76 45
71 20 71 26 77 26 77 20
54 53 54 59 63 59 63 53
96 5 96 15 105 15 105 5
21 73 21 75 24 75 24 73
91 37 91 38 93 38 93 37
84 35 84 42 91 42 91 35
80 80 80 89 85 89 85 80
26 24 26 25 26 25 26 24
86 16 86 23 94 23 94 16
9 77 9 83 10 83 10 77
33 29 33 31 40 31 40 29
60 8 60 13 68 13 68 8
49 78 49 84 53 84 53 78
14 83 14 92 19 92 19 83
93 69 93 72 93 72 93 69
63 69 63 79 66 79 66 69
35 8 35 13 35 13 35 8
62 34 62 42 68 42 68 34
20 74 20 78 25 78 25 74
3 6 3 12 11 12 11 6
87 86 87 87 94 87 94 86
9 88 9 97 9 97 9 88
7 2 7 10 16 10 16 2
85 82 85 85 93 85 93 82
63 69 63 72 69 72 69 69
34 89 34 93 39 93 39 89
89 16 89 25 95 25 95 16
79 88 79 90 87 90 87 88
80 95 80 98 83 98 83 95
5 68 5 77 5 77 5 68
45 69 45 76 46 76 46 69
75 82 75 89 81 89 81 82
94 65 94 74 103 74 103 65
67 64 67 74 69 74 69 64
46 94 46 94 53 94 53 94
16 3 16 3 26 3 26 3
83 29 83 34 86 34 86 29
13 2 13 10 23 10 23 2
42 78 42 82 49 82 49 78
53 94 53 104 57 104 57 94
63 79 63 84 71 84 71 79
37 75 37 81 45 81 45 75
55 35 55 40 57 40 57 35
48 26 48 28 52 28 52 26
97 64 97 67 107 67 107 64
86 95 86 97 91 97 91 95
69 22 69 29 73 29 73 22
21 12 21 13 22 13 22 12
56 95 56 100 59 100 59 95
23 69 23 74 30 74 30 69
23 33 23 34 33 34 33 33
66 92 66 94 75 94 75 92
55 22 55 29 57 29 57 22
91 98 91 100 101 100 101 98
3 90 3 95 9 95 9 90
30 98 30 107 32 107 32 98
58 0 58 7 64 7 64 0
92 12 92 21 98 21 98 12
8 84 8 92 14 92 14 84
4 9 4 19 14 19 14 9
39 4 39 8 47 8 47 4
57 84 57 90 58 90 58 84
45 93 45 93 54 93 54 93
24 99 24 105 25 105 25 99
85 45 85 49 85 49 85 45
54 36 54 37 61 37 61 36
27 59 27 60 34 60 34 59
62 27 62 35 70 35 70 27
31 14 31 17 40 17 40 14
55 55 55 63 60 63 60 55
31 48 31 50 31 50 31 48
79 66 79 72 88 72 88 66
39 3 39 3 44 3 44 3
5 73 5 81 13 81 13 73
40 13 40 20 41 20 41 13
49 54 49 60 52 60 52 54
91 93 91 96 92 96 92 93
55 36 55 37 55 37 55 36
45 54 45 64 45 64 45 54
55 62 55 69 57 69 57 62
17 30 17 39 25 39 25 30
26 83 26 88 35 88 35 83
32 67 32 75 35 75 35 67
73 1 73 6 79 6 79 1
67 51 67 60 67 60 67 51
46 11 46 13 46 13 46 11
73 86 73 92 77 92 77 86
71 28 71 32 75 32 75 28
11 41 11 45 18 45 18 41
44 66 44 67 46 67 46 66
48 11 48 18 57 18 57 11
76 81 76 88 82 88 82 81
90 45 90 45 95 45 95 45
41 91 41 96 42 96 42 91
83 43 83 48 90 48 90 43
74 63 74 73 81 73 81 63
26 48 26 52 36 52 36 48
5 8 5 14 15 14 15 8
16 79 16 81 17 81 17 79
86 34 86 44 95 44 95 34
21 15 21 19 24 19 24 15
15 73 15 79 19 79 19 73
64 29 64 33 72 33 72 29
92 49 92 56 101 56 101 49
90 20 90 23 95 23 95 20
35 30 35 36 38 36 38 30
12 45 12 48 22 48 22 45
24 44 24 52 29 52 29 44
49 100 49 108 50 108 50 100
69 53 69 57 75 57 75 53
23 66 23 70 24 70 24 66
62 72 62 79 72 79 72 72
4 51 4 61 11 61 11 51
84 44 84 44 87 44 87 44
65 15 65 24 72 24 72 15
4 37 4 39 4 39 4 37
38 82 38 88 38 88 38 82
85 36 85 44 86 44 86 36
92 60 92 68 102 68 102 60
20 99 20 100 29 100 29 99
73 55 73 60 81 60 81 55
12 79 12 87 12 87 12 79
93 92 93 102 103 102 103 92
30 44 30 48 38 48 38 44
61 14 61 19 68 19 68 14
36 75 36 82 37 82 37 75
20 84 20 86 29 86 29 84
6 59 6 65 14 65 14 59
17 24 17 29 18 29 18 24
34 42 34 50 34 50 34 42
81 73 81 73 89 73 89 73
61 68 61 73 62 73 62 68
88 54 88 54 96 54 96 54
76 62 76 62 83 62 83 62
17 73 17 73 24 73 24 73
40 38 40 45 42 45 42 38
70 87 70 92 75 92 75 87
41 30 41 30 51 30 51 30
2 33 2 40 5 40 5 33
76 93 76 98 84 98 84 93
1 41 1 46 8 46 8 41
93 42 93 50 101 50 101 42
73 38 73 48 81 48 81 38
22 98 22 100 28 100 28 98
25 76 25 84 35 84 35 76
27 96 27 97 33 97 33 96
68 59 68 67 73 67 73 59
62 14 62 23 63 23 63 14
97 10 97 17 106 17 106 10
91 0 91 6 93 6 93 0
30 86 30 87 35 87 35 86
35 15 35 23 38 23 38 15
100 61 100 62 100 62 100 61
3 19 3 22 9 22 9 19
37 91 37 100 37 100 37 91
5 10 5 10 8 10 8 10
39 81 39 88 48 88 48 81
82 27 82 28 92 28 92 27
77 73 77 79 80 79 80 73
20 51 20 61 28 61 28 51
50 77 50 78 56 78 56 77
33 34 33 36 38 36 38 34
14 27 14 34 18 34 18 27
96 39 96 45 99 45 99 39
94 64 94 66 96 66 96 64
10 53 10 58 20 58 20 53
43 17 43 24 49 24 49 17
11 92 11 96 20 96 20 92
72 82 72 92 72 92 72 82
15 53 15 57 25 57 25 53
53 78 53 85 59 85 59 78
68 6 68 15 75 15 75 6
26 2 26 7 27 7 27 2
20 0 20 7 26 7 26 0
41 14 41 16 42 16 42 14
5 85 5 94 7 94 7 85
38 27 38 32 40 32 40 27
9 8 9 11 13 11 13 8
51 7 51 14 57 14 57 7
24 69 24 74 28 74 28 69
19 63 19 71 21 71 21 63
40 98 40 101 50 101 50 98
4 1 4 6 7 6 7 1
100 24 100 34 101 34 101 24
67 79 67 81 69 81 69 79
97 70 97 71 106 71 106 70
47 36 47 41 50 41 50 36
58 30 58 32 61 32 61 30
99 67 99 72 109 72 109 67
47 80 47 84 50 84 50 80
74 77 74 82 76 82 76 77
36 20 36 26 38 26 38 20
14 16 14 25 24 25 24 16
32 79 32 83 41 83 41 79
63 22 63 25 68 25 68 22
63 71 63 80 73 80 73 71
69 65 69 75 79 75 79 65
72 33 72 43 81 43 81 33
60 56 60 65 66 65 66 56
59 44 59 46 61 46 61 44
27 81 27 83 32 83 32 81
95 8 95 16 96 16 96 8
39 43 39 48 45 48 45 43
83 71 83 71 88 71 88 71
27 46 27 48 34 48 34 46
54 72 54 82 58 82 58 72
60 67 60 72 69 72 69 67
32 55 32 60 39 60 39 55
91 36 91 45 95 45 95 36
81 41 81 41 91 41 91 41
84 82 84 82 94 82 94 82
49 30 49 30 49 30 49 30
44 65 44 68 49 68 49 65
67 84 67 92 71 92 71 84
6 41 6 49 14 49 14 41
0 44 0 45
1 89 1 91
1 1 1 2
1 8 1 12
1 41 1 44
0 44 1 44
0 45 1 45
1 45 1 46
2 100 2 100
2 0 2 1
1 1 2 1
1 2 2 2
2 2 2 6
2 83 2 84
2 38 2 41
1 41 2 41
2 6 2 6
2 6 2 6
2 58 2 61
2 62 2 66
2 74 2 77
2 77 2 77
2 77 2 83
2 83 2 83
2 84 2 84
2 84 2 84
2 33 2 38
2 38 2 38
1 89 2 89
1 91 2 91
2 89 2 91
1 8 2 8
1 12 2 12
2 8 2 12
3 89 3 97
2 66 3 66
3 66 3 68
3 97 3 97
3 97 3 100
2 100 3 100
2 100 3 100
3 100 3 101
3 54 3 58
2 58 3 58
3 50 3 52
3 85 3 88
2 6 3 6
3 6 3 12
3 19 3 22
4 48 4 50
3 50 4 50
3 52 4 52
4 52 4 52
4 72 4 74
2 74 4 74
3 68 4 68
4 68 4 72
4 72 4 72
4 25 4 28
1 46 4 46
4 46 4 48
4 48 4 48
4 29 4 33
2 33 4 33
2 61 4 61
4 61 4 61
3 12 4 12
4 12 4 19
3 19 4 19
4 52 4 52
4 52 4 54
3 54 4 54
4 61 4 61
4 61 4 61
3 101 5 101
5 101 5 103
4 61 5 61
5 61 5 62
2 62 5 62
3 88 5 88
5 88 5 89
3 89 5 89
5 36 5 37
5 103 6 103
6 103 6 103
6 103 6 103
6 103 6 107
3 22 6 22
6 22 6 22
4 28 6 28
6 28 6 28
2 0 6 0
6 0 6 0
4 29 6 29
6 29 6 29
2 84 7 84
7 84 7 84
6 0 7 0
7 0 7 1
3 85 7 85
7 85 7 85
7 1 7 1
7 1 7 2
7 84 8 84
8 84 8 85
7 85 8 85
6 28 8 28
8 28 8 28
8 82 8 84
6 22 9 22
9 22 9 25
4 25 9 25
8 82 9 82
9 82 9 83
5 37 9 37
9 37 9 38
9 83 10 83
10 83 10 84
8 84 10 84
8 28 10 28
10 28 10 29
6 29 10 29
5 36 10 36
10 36 10 36
6 107 14 107
14 107 14 107
10 36 14 36
14 36 14 38
9 38 14 38
14 107 14 107
14 107 14 107
14 34 14 35
14 58 14 59
15 14 15 16
15 25 15 27
15 61 15 65
15 14 15 14
15 11 15 14
14 34 16 34
16 34 16 35
14 35 16 35
16 14 16 16
15 16 16 16
15 25 16 25
16 25 16 27
15 27 16 27
14 59 16 59
15 61 16 61
16 59 16 61
14 107 16 107
16 106 16 107
16 25 16 27
7 2 16 2
16 2 16 2
15 11 17 11
17 11 17 12
17 60 17 65
15 65 17 65
17 12 17 12
17 12 17 14
16 14 17 14
17 59 17 60
17 60 17 60
16 25 17 25
17 25 17 27
16 27 17 27
16 106 17 106
17 96 17 97
17 106 17 106
18 68 18 69
18 25 18 27
18 27 18 27
18 27 18 27
18 68 19 68
19 68 19 69
18 69 19 69
17 96 19 96
19 96 19 96
19 96 20 96
20 96 20 97
17 97 20 97
14 58 20 58
20 58 20 59
17 59 20 59
20 0 20 2
16 2 20 2
17 106 20 106
20 104 20 106
18 27 20 27
20 27 20 29
20 29 20 30
21 27 21 29
20 29 21 29
20 29 21 29
21 29 21 30
20 30 21 30
20 104 22 104
22 104 22 109
18 25 22 25
22 25 22 25
21 27 24 27
24 27 24 29
24 29 24 30
22 25 24 25
24 23 24 25
24 25 24 25
20 0 25 0
25 0 25 0
24 30 25 30
25 30 25 33
26 24 26 25
24 25 26 25
24 25 26 25
26 25 26 25
24 23 26 23
26 15 26 17
26 17 26 19
26 19 26 21
26 22 26 23
26 24 26 24
26 25 26 25
26 24 26 25
26 25 26 25
25 0 26 0
26 0 26 0
26 17 27 17
27 17 27 19
26 19 27 19
26 19 27 19
27 19 27 21
26 21 27 21
26 22 27 22
27 22 27 24
26 25 27 25
27 25 27 27
26 15 27 15
27 15 27 17
26 17 27 17
27 24 27 24
27 24 27 25
26 25 27 25
27 27 27 27
27 27 27 29
24 29 27 29
24 29 27 29
27 29 27 32
27 74 27 75
27 75 27 76
28 34 28 36
28 37 28 38
28 5 28 6
28 67 28 69
28 16 28 17
28 52 28 55
28 69 28 69
27 74 28 74
28 69 28 69
28 74 28 74
28 67 29 67
29 67 29 68
28 5 29 5
29 5 29 6
28 6 29 6
28 16 29 16
29 16 29 16
27 32 29 32
29 32 29 33
25 33 29 33
28 34 29 34
29 34 29 34
28 37 29 37
29 37 29 38
28 38 29 38
22 109 29 109
29 106 29 109
28 55 29 55
29 55 29 56
28 52 29 52
29 52 29 52
29 106 30 106
30 106 30 107
29 68 30 68
30 67 30 68
28 17 30 17
30 17 30 17
30 20 30 21
30 10 30 11
28 69 30 69
28 74 30 74
30 69 30 74
29 52 31 52
31 52 31 52
29 34 31 34
31 34 31 36
28 36 31 36
29 16 31 16
31 16 31 17
30 17 31 17
27 75 31 75
27 75 31 75
31 75 31 75
30 21 31 21
31 21 31 21
32 53 32 56
29 56 32 56
30 67 32 67
32 67 32 75
32 65 32 67
32 32 32 33
30 107 32 107
32 103 32 107
31 52 33 52
33 52 33 52
32 103 33 103
33 103 33 103
30 10 33 10
33 10 33 11
30 11 33 11
32 33 33 33
33 33 33 33
33 4 33 5
33 33 33 33
33 33 33 33
33 52 34 52
34 52 34 53
32 53 34 53
32 32 34 32
34 32 34 33
33 33 34 33
32 75 34 75
34 75 34 76
27 76 34 76
30 20 34 20
34 20 34 21
31 21 34 21
32 65 34 65
34 64 34 65
34 64 35 64
35 64 35 67
32 67 35 67
35 52 35 53
26 0 35 0
33 4 35 4
35 0 35 4
33 103 36 103
36 103 36 107
36 10 36 11
36 11 36 11
36 11 36 12
33 5 36 5
36 5 36 5
37 2 37 5
36 5 37 5
36 10 37 10
37 6 37 10
36 12 37 12
37 12 37 13
37 13 38 13
38 13 38 13
35 53 38 53
38 53 38 55
38 13 38 13
38 13 38 14
39 1 39 2
37 2 39 2
36 107 39 107
39 107 39 107
35 52 39 52
39 52 39 52
37 6 39 6
39 6 39 8
39 22 39 23
38 55 39 55
39 55 39 59
39 52 40 52
40 52 40 54
40 54 40 54
40 54 40 55
39 22 40 22
40 22 40 23
39 23 40 23
39 8 40 8
40 8 40 8
40 8 40 8
40 8 40 8
40 13 40 14
38 14 40 14
40 89 40 90
40 8 41 8
41 8 41 9
40 55 41 55
41 55 41 59
39 59 41 59
40 89 41 89
41 89 41 90
40 90 41 90
41 23 41 24
40 13 41 13
41 13 41 14
39 107 42 107
42 107 42 107
41 14 42 14
42 14 42 15
41 23 43 23
43 23 43 24
41 24 43 24
44 49 44 51
44 73 44 74
44 73 45 73
45 73 45 74
44 74 45 74
45 13 45 15
42 15 45 15
41 9 46 9
46 9 46 13
45 13 46 13
46 8 46 9
42 107 46 107
46 106 46 107
46 69 46 71
44 49 47 49
47 49 47 51
44 51 47 51
46 8 47 8
47 8 47 8
47 8 48 8
48 8 48 9
46 9 48 9
39 1 48 1
48 1 48 1
46 106 48 106
48 106 48 106
46 69 48 69
48 68 48 69
48 106 49 106
49 106 49 107
49 107 49 107
49 107 49 108
46 71 49 71
49 71 49 74
49 74 49 74
49 74 49 78
49 42 49 43
50 77 50 78
49 78 50 78
50 8 50 9
48 68 50 68
50 66 50 68
50 21 50 23
48 1 50 1
50 1 50 4
50 30 50 32
50 8 50 8
50 7 50 8
49 108 50 108
50 106 50 108
50 21 51 21
51 21 51 23
50 23 51 23
49 42 51 42
51 42 51 43
49 43 51 43
50 7 51 7
51 7 51 9
50 9 51 9
50 4 51 4
51 4 51 6
51 6 51 7
51 62 51 63
51 45 51 47
51 62 51 62
51 60 51 62
50 30 51 30
51 30 51 30
52 71 52 77
50 77 52 77
51 30 52 30
52 30 52 30
51 60 52 60
52 60 52 60
52 60 52 60
52 60 52 60
52 30 52 30
52 30 52 32
50 32 52 32
52 61 52 63
51 63 52 63
50 66 52 66
52 66 52 71
52 71 52 71
51 45 52 45
52 43 52 45
52 60 52 60
52 60 52 60
52 60 53 60
53 60 53 60
52 43 54 43
54 43 54 43
53 60 54 60
54 60 54 61
52 61 54 61
50 106 54 106
54 104 54 106
54 60 54 61
55 2 55 6
51 6 55 6
51 6 55 6
55 6 55 7
51 7 55 7
54 60 55 60
55 60 55 61
54 61 55 61
56 46 56 47
51 47 56 47
54 104 56 104
56 104 56 104
56 0 56 1
56 19 56 22
56 22 56 22
56 22 56 22
56 19 56 19
56 18 56 19
57 21 57 22
56 22 57 22
54 43 57 43
57 43 57 46
56 46 57 46
57 71 57 72
57 71 57 71
57 71 57 71
57 71 57 71
57 70 57 71
57 22 57 29
56 18 57 18
57 14 57 16
57 16 57 18
57 9 57 10
57 11 57 12
56 1 58 1
58 1 58 2
55 2 58 2
57 10 58 10
57 11 58 11
58 10 58 11
57 12 58 12
58 12 58 12
57 72 58 72
58 72 58 77
59 28 59 28
59 28 59 28
59 28 59 29
57 29 59 29
59 95 59 99
59 81 59 85
60 83 60 84
60 98 60 99
59 99 60 99
59 95 60 95
60 95 60 98
60 98 60 98
59 81 60 81
60 81 60 83
60 83 60 83
60 84 60 84
60 84 60 85
59 85 60 85
57 9 60 9
60 9 60 12
58 12 60 12
57 14 60 14
60 14 60 14
57 70 60 70
60 70 60 72
58 77 60 77
60 77 60 78
61 76 61 78
60 78 61 78
60 72 61 72
61 72 61 76
61 76 61 76
60 14 61 14
61 14 61 15
61 15 61 15
61 15 61 16
57 16 61 16
57 16 61 16
61 16 61 19
59 28 61 28
61 28 61 28
61 28 61 30
61 77 61 78
61 30 61 30
61 30 61 31
56 104 62 104
62 104 62 108
61 19 62 19
62 19 62 19
62 27 62 28
61 28 62 28
61 28 62 28
62 28 62 31
61 31 62 31
61 77 62 77
62 77 62 78
61 78 62 78
62 19 62 19
62 19 62 21
57 21 62 21
57 22 62 22
62 22 62 23
62 87 62 88
62 90 62 93
62 87 63 87
63 87 63 88
62 88 63 88
62 90 63 90
63 90 63 90
62 23 63 23
63 23 63 24
63 24 63 24
63 24 63 25
63 90 63 90
63 90 63 90
63 90 64 90
64 90 64 90
64 65 64 67
56 0 64 0
64 0 64 0
65 91 65 93
62 93 65 93
65 2 65 6
65 6 65 8
66 3 66 4
63 25 66 25
66 25 66 27
62 27 66 27
64 0 66 0
65 2 66 2
66 0 66 2
64 67 66 67
66 67 66 67
64 65 67 65
67 65 67 67
66 67 67 67
64 90 67 90
67 90 67 91
65 91 67 91
67 44 67 45
67 44 67 44
67 44 67 44
65 6 68 6
68 6 68 8
65 8 68 8
68 96 68 97
67 45 68 45
68 45 68 47
68 49 68 53
68 96 69 96
69 96 69 97
68 97 69 97
69 45 69 47
68 47 69 47
68 49 69 49
69 49 69 52
67 44 69 44
69 42 69 44
62 108 69 108
69 106 69 108
69 42 70 42
70 42 70 42
69 106 70 106
70 105 70 106
71 2 71 3
66 3 71 3
66 4 71 4
71 4 71 6
65 6 71 6
70 105 71 105
71 104 71 105
69 45 71 45
69 52 71 52
71 45 71 45
71 45 71 47
71 49 71 52
72 51 72 53
68 53 72 53
70 42 72 42
72 42 72 43
71 47 72 47
71 49 72 49
72 47 72 49
72 80 72 82
72 82 72 82
72 82 72 87
73 47 73 51
72 51 73 51
73 1 73 2
71 2 73 2
73 86 73 87
72 87 73 87
72 43 73 43
73 43 73 45
71 45 73 45
71 45 73 45
73 45 73 47
73 47 73 47
72 80 73 80
73 79 73 80
71 104 74 104
74 104 74 106
73 79 74 79
74 79 74 82
74 95 74 96
74 82 75 82
75 82 75 86
73 86 75 86
75 76 75 77
74 95 76 95
76 95 76 95
76 95 76 95
76 95 76 96
74 96 76 96
75 77 76 77
76 77 76 81
77 0 77 1
73 1 77 1
75 76 77 76
77 76 77 79
77 0 77 0
77 0 77 1
74 106 78 106
78 104 78 106
78 14 78 15
76 81 79 81
79 81 79 81
79 60 79 61
77 79 80 79
80 79 80 79
80 80 80 81
79 81 80 81
78 14 80 14
80 13 80 14
80 54 80 55
80 73 80 75
80 73 81 73
81 73 81 74
80 54 81 54
81 54 81 54
78 104 81 104
81 103 81 104
81 48 81 49
81 103 81 103
81 101 81 103
80 55 81 55
81 55 81 59
81 48 81 48
81 48 81 48
80 79 82 79
82 79 82 80
80 80 82 80
82 0 82 1
77 1 82 1
82 57 82 59
81 59 82 59
79 60 82 60
82 60 82 61
79 61 82 61
78 15 82 15
82 15 82 20
81 101 82 101
82 99 82 101
82 20 82 20
82 20 82 25
81 49 82 49
82 49 82 50
82 50 82 52
81 48 82 48
82 41 82 43
82 45 82 48
80 13 83 13
83 13 83 19
83 19 83 19
83 19 83 25
82 25 83 25
83 42 83 42
82 45 83 45
83 45 83 48
81 54 83 54
83 53 83 54
83 92 83 93
83 92 83 92
83 92 83 92
83 92 83 92
83 90 83 92
83 48 84 48
84 48 84 50
82 50 84 50
82 50 84 50
84 50 84 52
82 52 84 52
82 41 84 41
84 41 84 42
83 42 84 42
83 42 84 42
84 42 84 42
83 53 84 53
84 53 84 53
84 53 84 53
84 53 84 57
82 57 84 57
84 42 84 42
84 42 84 42
84 20 84 25
84 20 84 20
84 19 84 20
83 90 85 90
85 90 85 92
84 42 85 42
85 42 85 43
82 43 85 43
85 49 85 50
85 49 85 49
85 48 85 49
86 23 86 23
84 19 86 19
86 19 86 22
86 22 86 22
86 22 86 23
86 23 86 23
86 23 86 23
86 23 86 23
85 92 87 92
87 92 87 93
83 93 87 93
85 48 87 48
87 48 87 48
86 23 87 23
87 23 87 25
84 25 87 25
82 99 87 99
87 99 87 99
81 74 87 74
87 74 87 75
80 75 87 75
87 26 87 27
87 61 87 66
87 74 87 75
88 65 88 66
87 66 88 66
87 26 88 26
88 26 88 26
88 100 88 109
87 75 88 75
88 75 88 76
87 48 89 48
89 48 89 50
85 50 89 50
88 26 89 26
89 26 89 27
87 27 89 27
88 65 89 65
89 65 89 69
87 99 90 99
90 99 90 100
88 100 90 100
89 69 90 69
87 74 90 74
90 69 90 74
87 61 91 61
91 61 91 64
91 64 91 64
91 64 91 65
91 65 91 65
91 64 91 65
91 64 92 64
92 64 92 72
88 76 92 76
92 76 92 78
92 59 92 60
92 59 93 59
93 59 93 60
92 60 93 60
92 72 93 72
93 72 93 72
88 109 93 109
93 108 93 109
93 72 93 72
93 72 93 72
93 3 93 4
93 72 94 72
94 72 94 76
82 0 94 0
93 3 94 3
94 0 94 3
92 78 94 78
94 78 94 81
94 81 94 82
94 82 94 83
94 82 94 82
94 82 94 82
94 82 94 82
94 76 95 76
95 76 95 81
94 81 95 81
94 81 95 81
95 81 95 83
94 83 95 83
95 86 95 91
93 108 95 108
95 107 95 108
95 86 96 86
96 86 96 91
95 91 96 91
96 74 96 76
96 76 97 76
97 76 97 83
96 74 98 74
98 74 98 75
98 75 98 75
98 75 98 81
98 81 98 81
98 81 98 81
98 17 98 19
98 17 99 17
99 17 99 17
99 1 99 4
93 4 99 4
99 17 99 17
99 17 99 19
98 19 99 19
99 26 99 27
99 1 99 1
99 1 99 4
95 107 99 107
99 103 99 107
98 81 100 81
100 81 100 83
97 83 100 83
99 26 100 26
100 26 100 27
99 27 100 27
99 4 100 4
100 4 100 5
101 19 101 21
101 34 101 35
101 50 101 52
101 50 101 50
101 48 101 49
101 49 101 50
101 34 101 34
101 25 101 27
101 32 101 34
101 19 102 19
102 17 102 19
102 85 102 86
103 72 103 74
103 92 103 98
101 49 104 49
101 49 104 49
104 49 104 49
102 17 104 17
104 17 104 17
103 74 104 74
104 74 104 78
101 52 104 52
104 52 104 57
101 35 104 35
104 35 104 35
104 37 104 40
102 86 105 86
103 92 105 92
105 86 105 92
101 21 105 21
101 25 105 25
105 21 105 25
100 5 105 5
105 5 105 10
101 27 106 27
101 32 106 32
106 27 106 32
105 10 106 10
104 17 106 17
106 10 106 17
103 98 107 98
99 103 107 103
107 98 107 103
104 35 107 35
104 37 107 37
107 35 107 37
104 78 108 78
108 78 108 79
104 57 109 57
109 57 109 67
108 79 109 79
102 85 109 85
109 79 109 85
104 40 109 40
101 48 109 48
109 40 109 48
109 67 109 67
103 72 109 72
109 67 109 72
