19 717 19 727 19 727 19 717
584 85 584 94 593 94 593 85
718 346 718 352 721 352 721 346
609 740 609 740 618 740 618 740
156 60 156 70 160 70 160 60
169 551 169 558 169 558 169 551
196 346 196 352 197 352 197 346
535 768 535 772 540 772 540 768
680 381 680 382 689 382 689 381
658 903 658 903 665 903 665 903
717 451 717 461 721 461 721 451
487 665 487 674 494 674 494 665
398 488 398 495 403 495 403 488
487 555 487 561 496 561 496 555
245 342 245 349 255 349 255 342
19 610 19 614 20 614 20 610
121 364 121 370 124 370 124 364
172 48 172 53 181 53 181 48
169 917 169 925 178 925 178 917
965 904 965 904 969 904 969 904
734 701 734 704 741 704 741 701
581 262 581 272 590 272 590 262
712 450 712 453 720 453 720 450
913 860 913 865 918 865 918 860
497 806 497 813 499 813 499 806
34 373 34 374 37 374 37 373
884 263 884 265 893 265 893 263
729 714 729 721 739 721 739 714
434 365 434 365 436 365 436 365
744 251 744 258 751 258 751 251
230 879 230 886 240 886 240 879
439 998 439 999 441 999 441 998
780 686 780 695 789 695 789 686
281 533 281 535 288 535 288 533
667 607 667 614 673 614 673 607
54 521 54 528 64 528 64 521
641 829 641 839 641 839 641 829
563 806 563 812 566 812 566 806
493 925 493 931 502 931 502 925
720 849 720 852 730 852 730 849
980 639 980 647 983 647 983 639
299 901 299 908 301 908 301 901
487 964 487 965 487 965 487 964
383 553 383 559 384 559 384 553
252 582 252 584 256 584 256 582
895 735 895 744 899 744 899 735
766 182 766 190 767 190 767 182
712 932 712 938 722 938 722 932
378 650 378 655 379 655 379 650
315 131 315 134 319 134 319 131
67 980 67 990 69 990 69 980
765 531 765 535 773 535 773 531
653 106 653 114 660 114 660 106
300 426 300 426 309 426 309 426
343 930 343 939 344 939 344 930
787 629 787 636 794 636 794 629
142 703 142 708 147 708 147 703
174 376 174 384 178 384 178 376
410 382 410 388 417 388 417 382
183 867 183 873 183 873 183 867
367 334 367 334 377 334 377 334
505 491 505 493 513 493 513 491
657 95 657 99 657 99 657 95
880 668 880 672 883 672 883 668
558 628 558 636 567 636 567 628
952 178 952 184 962 184 962 178
877 70 877 71 881 71 881 70
339 509 339 517 349 517 349 509
29 733 29 737 38 737 38 733
852 354 852 363 862 363 862 354
826 50 826 58 829 58 829 50
862 713 862 716 864 716 864 713
294 677 294 677 301 677 301 677
203 178 203 188 207 188 207 178
57 865 57 875 64 875 64 865
620 271 620 279 628 279 628 271
987 682 987 689 991 689 991 682
528 914 528 914 535 914 535 914
464 548 464 556 471 556 471 548
411 414 411 415 411 415 411 414
690 621 690 629 694 629 694 621
879 285 879 292 886 292 886 285
295 309 295 314 303 314 303 309
650 550 650 559 653 559 653 550
388 56 388 56 389 56 389 56
188 982 188 985 190 985 190 982
997 389 997 394 1001 394 1001 389
411 862 411 867 416 867 416 862
918 727 918 737 919 737 919 727
82 62 82 62 85 62 85 62
271 403 271 411 275 411 275 403
899 416 899 419 907 419 907 416
874 806 874 812 875 812 875 806
60 681 60 685 63 685 63 681
687 821 687 826 691 826 691 821
349 588 349 596 352 596 352 588
656 375 656 385 656 385 656 375
753 898 753 898 757 898 757 898
650 506 650 513 660 513 660 506
408 777 408 783 410 783 410 777
515 401 515 410 517 410 517 401
799 234 799 235 808 235 808 234
834 716 834 724 836 724 836 716
926 150 926 157 930 157 930 150
749 618 749 621 759 621 759 618
424 778 424 784 433 784 433 778
678 866 678 871 686 871 686 866
916 718 916 718 918 718 918 718
571 910 571 917 575 917 575 910
387 454 387 458 393 458 393 454
499 239 499 240 501 240 501 239
97 528 97 533 104 533 104 528
753 812 753 817 761 817 761 812
479 696 479 705 487 705 487 696
840 709 840 714 847 714 847 709
780 283 780 284 785 284 785 283
302 521 302 525 303 525 303 521
422 754 422 758 428 758 428 754
267 776 267 785 267 785 267 776
410 539 410 548 410 548 410 539
801 977 801 984 808 984 808 977
126 292 126 295 133 295 133 292
968 611 968 612 970 612 970 611
653 124 653 134 657 134 657 124
108 327 108 333 112 333 112 327
955 814 955 822 960 822 960 814
62 127 62 131 64 131 64 127
708 549 708 553 709 553 709 549
417 764 417 764 427 764 427 764
639 242 639 248 649 248 649 242
755 107 755 116 756 116 756 107
801 733 801 740 805 740 805 733
436 706 436 707 441 707 441 706
767 85 767 90 769 90 769 85
973 366 973 369 975 369 975 366
297 522 297 528 305 528 305 522
842 707 842 710 850 710 850 707
789 195 789 203 791 203 791 195
400 32 400 34 407 34 407 32
454 720 454 722 455 722 455 720
175 310 175 320 175 320 175 310
484 90 484 93 484 93 484 90
491 976 491 982 499 982 499 976
109 929 109 939 112 939 112 929
700 6 700 8 710 8 710 6
962 370 962 372 963 372 963 370
159 338 159 343 167 343 167 338
35 365 35 366 43 366 43 365
505 687 505 693 514 693 514 687
569 194 569 194 577 194 577 194
62 724 62 731 67 731 67 724
408 333 408 333 415 333 415 333
161 319 161 324 171 324 171 319
816 655 816 665 822 665 822 655
320 503 320 508 330 508 330 503
512 976 512 980 516 980 516 976
194 255 194 262 199 262 199 255
224 612 224 622 229 622 229 612
30 997 30 1006 34 1006 34 997
221 929 221 932 225 932 225 929
410 480 410 488 420 488 420 480
672 742 672 751 681 751 681 742
670 421 670 428 671 428 671 421
401 769 401 771 409 771 409 769
732 174 732 182 732 182 732 174
189 240 189 249 194 249 194 240
891 697 891 703 897 703 897 697
824 264 824 273 828 273 828 264
285 699 285 707 290 707 290 699
810 608 810 614 818 614 818 608
383 424 383 424 390 424 390 424
900 366 900 373 907 373 907 366
520 513 520 519 529 519 529 513
761 822 761 831 765 831 765 822
117 813 117 823 127 823 127 813
282 234 282 244 290 244 290 234
175 208 175 215 177 215 177 208
184 307 184 309 192 309 192 307
773 198 773 208 773 208 773 198
400 973 400 973 404 973 404 973
305 117 305 119 310 119 310 117
688 36 688 45 692 45 692 36
695 408 695 408 703 408 703 408
911 424 911 434 914 434 914 424
775 667 775 667 784 667 784 667
289 937 289 940 297 940 297 937
121 942 121 949 121 949 121 942
886 967 886 974 893 974 893 967
862 625 862 626 872 626 872 625
877 749 877 749 879 749 879 749
485 237 485 245 495 245 495 237
291 310 291 310 298 310 298 310
34 123 34 127 37 127 37 123
987 552 987 556 992 556 992 552
856 21 856 22 860 22 860 21
699 68 699 72 700 72 700 68
935 280 935 281 943 281 943 280
712 555 712 560 717 560 717 555
224 871 224 880 233 880 233 871
20 276 20 283 22 283 22 276
118 89 118 97 119 97 119 89
490 792 490 795 496 795 496 792
54 396 54 403 62 403 62 396
958 119 958 126 963 126 963 119
408 228 408 233 410 233 410 228
799 541 799 548 809 548 809 541
607 376 607 385 613 385 613 376
346 325 346 325 349 325 349 325
117 888 117 894 125 894 125 888
417 324 417 329 421 329 421 324
546 404 546 411 551 411 551 404
148 821 148 831 156 831 156 821
106 536 106 546 112 546 112 536
388 144 388 149 390 149 390 144
313 59 313 61 322 61 322 59
950 292 950 302 954 302 954 292
685 949 685 956 687 956 687 949
947 895 947 905 956 905 956 895
978 698 978 707 984 707 984 698
676 174 676 180 680 180 680 174
467 908 467 918 472 918 472 908
580 532 580 533 587 533 587 532
26 182 26 186 28 186 28 182
261 242 261 251 262 251 262 242
242 738 242 739 251 739 251 738
204 330 204 330 208 330 208 330
830 710 830 714 836 714 836 710
264 499 264 506 269 506 269 499
570 839 570 849 573 849 573 839
710 965 710 971 711 971 711 965
217 897 217 897 219 897 219 897
779 156 779 157 781 157 781 156
860 892 860 898 861 898 861 892
737 789 737 796 744 796 744 789
666 84 666 86 666 86 666 84
556 163 556 172 565 172 565 163
327 41 327 46 330 46 330 41
565 61 565 69 574 69 574 61
143 36 143 39 148 39 148 36
802 743 802 748 806 748 806 743
813 523 813 531 817 531 817 523
518 112 518 122 525 122 525 112
55 272 55 282 57 282 57 272
781 850 781 852 784 852 784 850
195 580 195 583 203 583 203 580
27 642 27 647 36 647 36 642
219 550 219 556 224 556 224 550
678 863 678 871 688 871 688 863
576 869 576 875 582 875 582 869
268 427 268 435 274 435 274 427
701 956 701 963 701 963 701 956
778 237 778 245 779 245 779 237
896 836 896 846 901 846 901 836
294 549 294 551 294 551 294 549
509 44 509 44 510 44 510 44
429 675 429 679 432 679 432 675
264 292 264 294 265 294 265 292
175 672 175 682 176 682 176 672
512 735 512 739 513 739 513 735
206 170 206 177 212 177 212 170
415 505 415 515 421 515 421 505
829 42 829 42 838 42 838 42
253 118 253 126 260 126 260 118
247 90 247 95 255 95 255 90
943 843 943 845 950 845 950 843
240 63 240 69 241 69 241 63
981 920 981 924 989 924 989 920
322 561 322 566 328 566 328 561
502 694 502 694 510 694 510 694
520 761 520 771 521 771 521 761
925 832 925 832 926 832 926 832
500 603 500 611 504 611 504 603
514 641 514 649 521 649 521 641
504 726 504 728 513 728 513 726
431 285 431 293 436 293 436 285
540 64 540 73 544 73 544 64
293 232 293 238 295 238 295 232
897 720 897 721 902 721 902 720
398 295 398 299 408 299 408 295
797 760 797 768 799 768 799 760
92 592 92 597 92 597 92 592
798 320 798 326 803 326 803 320
686 147 686 156 690 156 690 147
94 888 94 898 98 898 98 888
571 8 571 14 580 14 580 8
824 343 824 349 831 349 831 343
393 539 393 548 394 548 394 539
507 896 507 898 507 898 507 896
293 220 293 226 293 226 293 220
44 454 44 461 51 461 51 454
654 948 654 955 655 955 655 948
739 101 739 102 746 102 746 101
970 282 970 285 972 285 972 282
168 921 168 927 173 927 173 921
45 565 45 566 47 566 47 565
606 758 606 758 611 758 611 758
7 540 7 540 10 540 10 540
951 384 951 388 959 388 959 384
254 526 254 534 260 534 260 526
513 194 513 201 522 201 522 194
154 753 154 761 154 761 154 753
151 714 151 724 154 724 154 714
566 155 566 164 568 164 568 155
5 503 5 509 14 509 14 503
303 47 303 52 309 52 309 47
912 111 912 112 915 112 915 111
294 57 294 63 297 63 297 57
363 773 363 776 367 776 367 773
188 485 188 492 195 492 195 485
541 301 541 304 549 304 549 301
156 834 156 836 161 836 161 834
479 344 479 347 488 347 488 344
598 247 598 250 604 250 604 247
372 156 372 158 378 158 378 156
975 39 975 46 983 46 983 39
929 598 929 602 929 602 929 598
124 660 124 666 125 666 125 660
821 586 821 596 831 596 831 586
826 708 826 713 834 713 834 708
144 52 144 53 145 53 145 52
548 418 548 421 557 421 557 418
830 887 830 895 840 895 840 887
61 819 61 820 69 820 69 819
348 570 348 570 352 570 352 570
875 957 875 958 884 958 884 957
573 87 573 89 577 89 577 87
518 773 518 779 526 779 526 773
209 96 209 103 214 103 214 96
226 375 226 381 229 381 229 375
439 780 439 789 442 789 442 780
11 229 11 235 12 235 12 229
546 480 546 483 556 483 556 480
8 302 8 306 16 306 16 302
403 439 403 447 408 447 408 439
819 862 819 863 828 863 828 862
868 414 868 417 878 417 878 414
764 582 764 592 772 592 772 582
100 274 100 279 105 279 105 274
700 820 700 829 701 829 701 820
976 603 976 608 981 608 981 603
712 6 712 13 722 13 722 6
479 862 479 871 484 871 484 862
200 549 200 549 210 549 210 549
301 207 301 207 308 207 308 207
931 299 931 308 934 308 934 299
757 981 757 982 764 982 764 981
203 513 203 513 211 513 211 513
234 936 234 936 244 936 244 936
721 878 721 885 721 885 721 878
137 279 137 279 140 279 140 279
793 270 793 270 797 270 797 270
600 483 600 483 609 483 609 483
135 368 135 369 136 369 136 368
949 155 949 161 953 161 953 155
587 866 587 876 596 876 596 866
172 803 172 810 177 810 177 803
30 65 30 74 39 74 39 65
507 33 507 37 512 37 512 33
501 536 501 538 504 538 504 536
282 334 282 334 285 334 285 334
860 885 860 888 860 888 860 885
991 284 991 284 997 284 997 284
320 878 320 886 328 886 328 878
939 92 939 96 940 96 940 92
472 54 472 60 475 60 475 54
85 136 85 141 95 141 95 136
123 131 123 136 133 136 133 131
161 948 161 953 165 953 165 948
725 370 725 374 725 374 725 370
563 718 563 723 571 723 571 718
664 504 664 505 665 505 665 504
303 374 303 382 309 382 309 374
124 8 124 15 125 15 125 8
845 910 845 911 855 911 855 910
536 644 536 644 537 644 537 644
827 614 827 623 828 623 828 614
633 184 633 193 633 193 633 184
73 169 73 176 77 176 77 169
752 347 752 349 759 349 759 347
0 241 0 246 1e-10 246 1e-10 241
502 323 502 323 502 323 502 323
852 202 852 212 856 212 856 202
144 902 144 902 147 902 147 902
507 340 507 341 507 341 507 340
129 367 129 372 134 372 134 367
378 39 378 44 384 44 384 39
502 491 502 493 504 493 504 491
868 87 868 89 875 89 875 87
625 706 625 716 630 716 630 706
819 998 819 1006 827 1006 827 998
699 785 699 786 709 786 709 785
45 383 45 391 48 391 48 383
120 730 120 739 121 739 121 730
918 991 918 997 918 997 918 991
81 972 81 982 89 982 89 972
907 715 907 716 913 716 913 715
402 750 402 759 408 759 408 750
198 549 198 559 200 559 200 549
918 483 918 493 921 493 921 483
528 475 528 475 534 475 534 475
69 161 69 168 76 168 76 161
320 108 320 114 320 114 320 108
228 989 228 996 231 996 231 989
276 17 276 17 283 17 283 17
154 3 154 11 164 11 164 3
804 761 804 768 806 768 806 761
437 416 437 422 440 422 440 416
741 484 741 493 746 493 746 484
559 827 559 832 560 832 560 827
633 974 633 982 641 982 641 974
563 189 563 197 571 197 571 189
412 995 412 998 421 998 421 995
221 840 221 844 230 844 230 840
381 35 381 39 388 39 388 35
369 27 369 31 377 31 377 27
764 635 764 637 764 637 764 635
946 588 946 590 948 590 948 588
293 293 293 293 301 293 301 293
602 153 602 163 607 163 607 153
869 148 869 148 878 148 878 148
250 285 250 288 257 288 257 285
738 686 738 688 739 688 739 686
935 972 935 975 942 975 942 972
993 823 993 823 995 823 995 823
444 837 444 842 444 842 444 837
563 892 563 899 570 899 570 892
156 385 156 386 164 386 164 385
24 975 24 983 29 983 29 975
992 336 992 339 1000 339 1000 336
338 972 338 972 343 972 343 972
77 176 77 182 86 182 86 176
336 920 336 930 338 930 338 920
870 804 870 804 874 804 874 804
819 6 819 7 823 7 823 6
417 357 417 362 422 362 422 357
11 459 11 463 19 463 19 459
272 393 272 402 276 402 276 393
869 290 869 297 872 297 872 290
937 252 937 262 946 262 946 252
773 944 773 945 775 945 775 944
765 750 765 759 774 759 774 750
27 237 27 247 31 247 31 237
641 182 641 189 643 189 643 182
869 330 869 340 876 340 876 330
97 971 97 976 98 976 98 971
797 543 797 544 803 544 803 543
194 338 194 348 195 348 195 338
945 538 945 546 945 546 945 538
20 84 20 89 28 89 28 84
495 960 495 962 503 962 503 960
869 456 869 456 870 456 870 456
65 976 65 978 67 978 67 976
409 934 409 942 410 942 410 934
137 93 137 99 147 99 147 93
77 602 77 604 87 604 87 602
280 153 280 156 285 156 285 153
462 817 462 826 470 826 470 817
704 796 704 805 711 805 711 796
995 99 995 108 1000 108 1000 99
80 352 80 357 80 357 80 352
62 660 62 666 71 666 71 660
158 375 158 375 159 375 159 375
501 622 501 623 511 623 511 622
605 284 605 290 612 290 612 284
150 813 150 820 160 820 160 813
319 615 319 625 327 625 327 615
203 627 203 629 210 629 210 627
875 135 875 144 885 144 885 135
391 494 391 503 398 503 398 494
376 820 376 825 377 825 377 820
144 299 144 309 154 309 154 299
533 676 533 679 543 679 543 676
670 557 670 560 674 560 674 557
882 774 882 774 888 774 888 774
238 732 238 742 244 742 244 732
673 173 673 182 677 182 677 173
966 849 966 852 976 852 976 849
697 430 697 431 698 431 698 430
185 912 185 920 187 920 187 912
123 834 123 843 125 843 125 834
135 633 135 637 135 637 135 633
14 216 14 225 18 225 18 216
625 971 625 976 625 976 625 971
656 51 656 53 660 53 660 51
726 8 726 9 734 9 734 8
913 705 913 715 922 715 922 705
383 475 383 478 388 478 388 475
205 555 205 560 213 560 213 555
76 82 76 87 78 87 78 82
52 33 52 40 54 40 54 33
529 660 529 664 535 664 535 660
547 898 547 904 549 904 549 898
107 623 107 624 115 624 115 623
856 923 856 925 857 925 857 923
74 87 74 92 80 92 80 87
560 205 560 211 569 211 569 205
992 845 992 850 994 850 994 845
199 168 199 173 206 173 206 168
692 23 692 32 696 32 696 23
489 65 489 71 496 71 496 65
531 446 531 451 534 451 534 446
589 529 589 534 592 534 592 529
802 548 802 557 807 557 807 548
344 951 344 952 346 952 346 951
456 705 456 707 465 707 465 705
751 279 751 280 759 280 759 279
89 167 89 170 93 170 93 167
346 165 346 169 356 169 356 165
353 973 353 982 353 982 353 973
568 859 568 868 572 868 572 859
953 833 953 840 957 840 957 833
196 126 196 126 199 126 199 126
767 600 767 604 771 604 771 600
732 531 732 535 734 535 734 531
819 766 819 772 827 772 827 766
967 607 967 610 968 610 968 607
352 564 352 573 354 573 354 564
924 494 924 498 933 498 933 494
823 42 823 49 823 49 823 42
235 944 235 947 237 947 237 944
44 952 44 956 48 956 48 952
493 382 493 387 498 387 498 382
186 242 186 248 187 248 187 242
794 993 794 999 800 999 800 993
806 122 806 130 808 130 808 122
794 814 794 823 795 823 795 814
431 627 431 634 432 634 432 627
127 486 127 487 127 487 127 486
398 547 398 550 398 550 398 547
445 514 445 515 454 515 454 514
443 633 443 634 449 634 449 633
659 613 659 621 663 621 663 613
725 450 725 451 727 451 727 450
581 757 581 765 584 765 584 757
207 458 207 466 210 466 210 458
533 560 533 564 542 564 542 560
917 807 917 810 920 810 920 807
86 558 86 567 87 567 87 558
52 763 52 770 56 770 56 763
982 613 982 620 990 620 990 613
279 923 279 933 285 933 285 923
200 573 200 574 200 574 200 573
6 240 6 247 14 247 14 240
254 939 254 945 256 945 256 939
965 195 965 200 972 200 972 195
166 777 166 780 174 780 174 777
816 771 816 778 816 778 816 771
328 691 328 699 329 699 329 691
516 823 516 828 516 828 516 823
666 133 666 135 671 135 671 133
163 694 163 700 163 700 163 694
242 919 242 927 251 927 251 919
758 142 758 151 766 151 766 142
523 569 523 579 523 579 523 569
849 376 849 386 852 386 852 376
725 51 725 55 732 55 732 51
167 966 167 966 172 966 172 966
685 277 685 281 694 281 694 277
429 798 429 798 434 798 434 798
2 424 2 426 7 426 7 424
880 463 880 463 882 463 882 463
250 890 250 890 252 890 252 890
342 64 342 65 350 65 350 64
751 920 751 925 751 925 751 920
325 519 325 521 327 521 327 519
417 923 417 933 426 933 426 923
401 467 401 473 406 473 406 467
203 633 203 633 211 633 211 633
778 389 778 395 783 395 783 389
456 521 456 525 464 525 464 521
285 481 285 485 295 485 295 481
622 160 622 163 630 163 630 160
597 559 597 563 604 563 604 559
537 878 537 879 538 879 538 878
27 670 27 679 27 679 27 670
368 919 368 924 371 924 371 919
155 0 155 1e-10 155 1e-10 155 0
298 335 298 336 302 336 302 335
552 749 552 756 554 756 554 749
766 631 766 638 774 638 774 631
196 866 196 873 199 873 199 866
589 948 589 950 589 950 589 948
310 897 310 901 316 901 316 897
551 157 551 163 556 163 556 157
729 441 729 449 737 449 737 441
784 437 784 438 791 438 791 437
249 109 249 114 249 114 249 109
155 699 155 708 165 708 165 699
533 303 533 306 533 306 533 303
73 778 73 783 76 783 76 778
611 705 611 705 612 705 612 705
197 295 197 304 201 304 201 295
793 129 793 139 797 139 797 129
827 950 827 956 831 956 831 950
188 345 188 348 196 348 196 345
89 20 89 29 92 29 92 20
452 916 452 923 454 923 454 916
392 185 392 195 393 195 393 185
675 906 675 914 681 914 681 906
89 459 89 459 90 459 90 459
94 351 94 355 96 355 96 351
948 374 948 383 953 383 953 374
334 1000 334 1001 336 1001 336 1000
362 246 362 247 372 247 372 246
241 904 241 908 250 908 250 904
801 645 801 649 805 649 805 645
728 337 728 342 738 342 738 337
384 421 384 430 390 430 390 421
344 57 344 60 353 60 353 57
628 149 628 152 630 152 630 149
100 46 100 56 106 56 106 46
322 483 322 487 331 487 331 483
919 255 919 258 922 258 922 255
553 311 553 320 561 320 561 311
652 224 652 232 660 232 660 224
977 639 977 641 978 641 978 639
255 170 255 178 259 178 259 170
357 476 357 478 358 478 358 476
249 375 249 379 256 379 256 375
391 83 391 87 395 87 395 83
961 398 961 407 965 407 965 398
820 587 820 596 824 596 824 587
684 906 684 912 690 912 690 906
942 926 942 935 947 935 947 926
566 10 566 15 573 15 573 10
349 409 349 414 356 414 356 409
565 79 565 84 569 84 569 79
853 377 853 381 862 381 862 377
736 995 736 1004 741 1004 741 995
623 4 623 7 632 7 632 4
929 544 929 548 933 548 933 544
87 588 87 594 96 594 96 588
583 905 583 912 593 912 593 905
226 646 226 652 230 652 230 646
648 551 648 559 651 559 651 551
618 335 618 341 621 341 621 335
907 26 907 29 917 29 917 26
320 30 320 31 325 31 325 30
969 865 969 868 979 868 979 865
654 690 654 696 660 696 660 690
215 801 215 810 217 810 217 801
7 723 7 726 13 726 13 723
170 199 170 209 170 209 170 199
965 901 965 908 967 908 967 901
883 538 883 540 886 540 886 538
716 122 716 127 716 127 716 122
687 805 687 813 695 813 695 805
18 360 18 368 18 368 18 360
828 726 828 733 831 733 831 726
641 608 641 617 647 617 647 608
572 991 572 997 575 997 575 991
969 795 969 804 976 804 976 795
556 674 556 674 557 674 557 674
126 34 126 37 136 37 136 34
765 374 765 376 766 376 766 374
388 403 388 407 395 407 395 403
170 582 170 585 175 585 175 582
717 786 717 791 723 791 723 786
916 136 916 138 919 138 919 136
371 857 371 863 372 863 372 857
475 818 475 824 481 824 481 818
101 932 101 941 105 941 105 932
616 407 616 416 619 416 619 407
435 251 435 253 442 253 442 251
110 828 110 837 114 837 114 828
41 161 41 170 41 170 41 161
373 276 373 281 377 281 377 276
130 238 130 244 131 244 131 238
929 496 929 500 929 500 929 496
561 744 561 747 570 747 570 744
679 373 679 377 687 377 687 373
29 232 29 236 35 236 35 232
686 882 686 883 690 883 690 882
504 34 504 40 509 40 509 34
501 767 501 772 506 772 506 767
707 722 707 725 714 725 714 722
3 335 3 335 8 335 8 335
203 219 203 225 209 225 209 219
33 778 33 786 35 786 35 778
257 408 257 413 267 413 267 408
695 961 695 962 695 962 695 961
553 523 553 529 562 529 562 523
357 424 357 427 366 427 366 424
912 638 912 648 914 648 914 638
670 749 670 758 678 758 678 749
251 282 251 286 251 286 251 282
594 569 594 574 597 574 597 569
852 721 852 724 852 724 852 721
810 626 810 628 810 628 810 626
637 199 637 199 647 199 647 199
100 955 100 958 108 958 108 955
126 984 126 990 134 990 134 984
121 145 121 152 124 152 124 145
808 394 808 400 813 400 813 394
386 269 386 276 395 276 395 269
716 563 716 566 719 566 719 563
389 471 389 478 399 478 399 471
112 668 112 675 121 675 121 668
433 335 433 339 435 339 435 335
45 507 45 516 48 516 48 507
930 774 930 775 930 775 930 774
601 805 601 806 610 806 610 805
564 397 564 404 574 404 574 397
127 789 127 794 130 794 130 789
358 443 358 447 364 447 364 443
332 592 332 592 334 592 334 592
376 496 376 501 380 501 380 496
198 526 198 526 204 526 204 526
465 375 465 376 472 376 472 375
388 308 388 313 393 313 393 308
652 156 652 161 661 161 661 156
378 414 378 415 381 415 381 414
409 346 409 353 419 353 419 346
54 567 54 575 55 575 55 567
422 523 422 527 431 527 431 523
703 999 703 1001 703 1001 703 999
942 304 942 305 945 305 945 304
394 946 394 954 396 954 396 946
964 170 964 172 965 172 965 170
989 877 989 877 995 877 995 877
705 75 705 85 714 85 714 75
71 591 71 601 77 601 77 591
502 275 502 278 509 278 509 275
295 722 295 728 303 728 303 722
905 967 905 975 912 975 912 967
826 530 826 540 835 540 835 530
687 483 687 484 689 484 689 483
920 922 920 932 923 932 923 922
715 815 715 821 721 821 721 815
647 94 647 104 657 104 657 94
121 394 121 401 128 401 128 394
1000 244 1000 253 1004 253 1004 244
837 292 837 301 839 301 839 292
893 575 893 581 898 581 898 575
507 336 507 344 507 344 507 336
823 513 823 522 830 522 830 513
172 856 172 864 178 864 178 856
755 4 755 10 761 10 761 4
471 386 471 387 478 387 478 386
355 697 355 703 360 703 360 697
108 98 108 105 115 105 115 98
298 387 298 395 298 395 298 387
402 802 402 802 405 802 405 802
858 997 858 1007 864 1007 864 997
731 911 731 921 734 921 734 911
720 925 720 928 726 928 726 925
789 398 789 399 798 399 798 398
513 499 513 507 515 507 515 499
384 178 384 188 394 188 394 178
402 886 402 891 411 891 411 886
0 386 0 386 10 386 10 386
723 23 723 25 732 25 732 23
872 218 872 220 876 220 876 218
764 297 764 307 764 307 764 297
687 984 687 990 689 990 689 984
301 205 301 210 307 210 307 205
276 798 276 798 284 798 284 798
28 402 28 410 29 410 29 402
316 174 316 181 318 181 318 174
256 439 256 443 263 443 263 439
269 804 269 814 275 814 275 804
787 191 787 191 792 191 792 191
478 691 478 699 479 699 479 691
371 106 371 108 376 108 376 106
542 499 542 506 542 506 542 499
174 151 174 156 175 156 175 151
242 385 242 385 242 385 242 385
283 786 283 794 291 794 291 786
941 548 941 554 949 554 949 548
535 600 535 601 536 601 536 600
51 547 51 553 60 553 60 547
917 523 917 525 926 525 926 523
752 322 752 326 757 326 757 322
5 474 5 481 10 481 10 474
923 378 923 379 926 379 926 378
933 206 933 206 934 206 934 206
844 438 844 440 844 440 844 438
476 377 476 384 478 384 478 377
202 620 202 625 209 625 209 620
901 702 901 712 904 712 904 702
864 55 864 60 867 60 867 55
553 961 553 967 553 967 553 961
208 254 208 261 211 261 211 254
715 511 715 513 724 513 724 511
930 469 930 473 934 473 934 469
60 156 60 165 61 165 61 156
753 495 753 500 753 500 753 495
358 926 358 929 366 929 366 926
941 631 941 640 947 640 947 631
245 83 245 90 251 90 251 83
552 914 552 921 558 921 558 914
120 123 120 127 120 127 120 123
40 98 40 101 42 101 42 98
448 849 448 857 449 857 449 849
356 645 356 648 359 648 359 645
936 177 936 180 942 180 942 177
495 312 495 321 500 321 500 312
37 91 37 92 46 92 46 91
541 503 541 513 541 513 541 503
70 463 70 463 75 463 75 463
222 946 222 956 228 956 228 946
694 326 694 336 699 336 699 326
730 483 730 492 739 492 739 483
565 146 565 150 574 150 574 146
976 972 976 972 986 972 986 972
583 587 583 592 583 592 583 587
760 332 760 334 761 334 761 332
159 345 159 352 168 352 168 345
691 443 691 448 697 448 697 443
709 209 709 219 710 219 710 209
847 669 847 676 853 676 853 669
558 627 558 635 568 635 568 627
156 218 156 223 166 223 166 218
516 360 516 360 521 360 521 360
307 48 307 56 310 56 310 48
573 215 573 215 579 215 579 215
331 430 331 435 339 435 339 430
381 678 381 679 384 679 384 678
349 539 349 542 357 542 357 539
886 669 886 669 889 669 889 669
586 198 586 204 590 204 590 198
429 380 429 389 432 389 432 380
324 807 324 812 330 812 330 807
19 757 19 761 26 761 26 757
550 414 550 414 552 414 552 414
475 950 475 954 483 954 483 950
925 778 925 783 926 783 926 778
655 900 655 910 662 910 662 900
402 390 402 394 403 394 403 390
623 375 623 380 631 380 631 375
195 172 195 179 203 179 203 172
136 962 136 970 144 970 144 962
582 231 582 240 588 240 588 231
106 782 106 788 115 788 115 782
585 345 585 346 587 346 587 345
480 384 480 386 489 386 489 384
137 140 137 148 140 148 140 140
447 485 447 488 454 488 454 485
217 716 217 717 224 717 224 716
206 872 206 877 213 877 213 872
313 685 313 689 318 689 318 685
194 675 194 675 202 675 202 675
280 439 280 448 284 448 284 439
667 655 667 663 673 663 673 655
51 920 51 923 57 923 57 920
565 806 565 807 575 807 575 806
481 615 481 622 488 622 488 615
981 207 981 217 985 217 985 207
698 832 698 838 699 838 699 832
747 38 747 42 755 42 755 38
777 717 777 724 777 724 777 717
86 975 86 979 89 979 89 975
791 199 791 205 795 205 795 199
949 131 949 137 951 137 951 131
26 780 26 786 28 786 28 780
103 692 103 696 110 696 110 692
258 617 258 617 263 617 263 617
60 387 60 390 64 390 64 387
266 392 266 401 269 401 269 392
998 622 998 629 1000 629 1000 622
285 683 285 691 285 691 285 683
784 317 784 321 792 321 792 317
399 20 399 25 403 25 403 20
400 350 400 355 408 355 408 350
218 281 218 289 220 289 220 281
579 747 579 753 586 753 586 747
811 129 811 129 814 129 814 129
747 532 747 540 748 540 748 532
604 341 604 351 606 351 606 341
866 529 866 537 874 537 874 529
293 380 293 383 298 383 298 380
408 358 408 366 412 366 412 358
499 963 499 966 501 966 501 963
403 231 403 235 404 235 404 231
220 270 220 271 227 271 227 270
416 722 416 724 423 724 423 722
219 651 219 654 225 654 225 651
518 544 518 546 521 546 521 544
422 862 422 869 426 869 426 862
994 491 994 491 994 491 994 491
352 961 352 961 356 961 356 961
435 777 435 780 439 780 439 777
573 532 573 542 580 542 580 532
609 828 609 835 619 835 619 828
42 10 42 11 46 11 46 10
985 920 985 926 995 926 995 920
674 446 674 454 680 454 680 446
761 358 761 360 765 360 765 358
928 484 928 490 929 490 929 484
88 449 88 456 89 456 89 449
621 186 621 188 631 188 631 186
874 259 874 267 878 267 878 259
875 864 875 871 879 871 879 864
806 871 806 874 810 874 810 871
547 280 547 289 557 289 557 280
135 18 135 27 144 27 144 18
690 926 690 926 696 926 696 926
230 856 230 865 233 865 233 856
404 559 404 560 410 560 410 559
158 507 158 516 162 516 162 507
379 767 379 768 386 768 386 767
92 109 92 116 98 116 98 109
135 284 135 292 136 292 136 284
133 699 133 704 137 704 137 699
278 351 278 361 284 361 284 351
837 757 837 765 841 765 841 757
743 607 743 614 751 614 751 607
696 629 696 636 702 636 702 629
854 628 854 631 859 631 859 628
236 761 236 764 243 764 243 761
559 603 559 612 568 612 568 603
272 661 272 667 274 667 274 661
962 999 962 1005 964 1005 964 999
725 384 725 384 730 384 730 384
89 500 89 508 91 508 91 500
749 249 749 249 757 249 757 249
98 136 98 141 99 141 99 136
7 514 7 519 17 519 17 514
307 892 307 892 309 892 309 892
22 18 22 23 30 23 30 18
552 4 552 14 557 14 557 4
434 810 434 813 435 813 435 810
244 727 244 734 245 734 245 727
631 481 631 483 636 483 636 481
443 653 443 659 444 659 444 653
7 790 7 798 16 798 16 790
514 276 514 277 514 277 514 276
274 498 274 504 284 504 284 498
461 565 461 571 465 571 465 565
253 566 253 567 261 567 261 566
9 367 9 370 9 370 9 367
990 157 990 165 998 165 998 157
918 745 918 748 920 748 920 745
536 432 536 438 543 438 543 432
200 516 200 522 208 522 208 516
598 334 598 337 608 337 608 334
358 866 358 869 361 869 361 866
475 265 475 265 485 265 485 265
595 967 595 973 600 973 600 967
916 686 916 688 924 688 924 686
710 50 710 51 716 51 716 50
978 863 978 864 986 864 986 863
141 668 141 670 151 670 151 668
627 222 627 224 627 224 627 222
450 714 450 718 459 718 459 714
173 245 173 250 182 250 182 245
471 856 471 856 481 856 481 856
425 875 425 885 431 885 431 875
575 852 575 854 576 854 576 852
542 344 542 349 551 349 551 344
350 390 350 393 360 393 360 390
765 957 765 964 770 964 770 957
663 728 663 736 670 736 670 728
938 153 938 160 945 160 945 153
275 121 275 128 283 128 283 121
576 249 576 253 578 253 578 249
154 437 154 439 156 439 156 437
12 779 12 784 15 784 15 779
500 261 500 268 506 268 506 261
459 809 459 814 466 814 466 809
753 481 753 485 763 485 763 481
635 651 635 659 636 659 636 651
751 569 751 569 759 569 759 569
199 465 199 472 209 472 209 465
908 471 908 474 914 474 914 471
603 148 603 149 607 149 607 148
728 338 728 346 733 346 733 338
592 459 592 459 592 459 592 459
356 181 356 189 363 189 363 181
785 382 785 391 787 391 787 382
658 206 658 216 665 216 665 206
345 274 345 274 354 274 354 274
867 388 867 390 874 390 874 388
921 489 921 492 927 492 927 489
783 664 783 667 787 667 787 664
455 996 455 998 459 998 459 996
400 209 400 219 406 219 406 209
276 956 276 958 280 958 280 956
731 430 731 433 738 433 738 430
439 279 439 284 443 284 443 279
680 832 680 835 686 835 686 832
154 606 154 613 161 613 161 606
435 648 435 654 445 654 445 648
572 214 572 216 574 216 574 214
763 106 763 111 768 111 768 106
852 854 852 862 853 862 853 854
734 223 734 228 740 228 740 223
531 563 531 568 539 568 539 563
102 654 102 660 102 660 102 654
919 338 919 338 924 338 924 338
733 735 733 736 736 736 736 735
491 185 491 192 499 192 499 185
756 84 756 87 756 87 756 84
831 184 831 188 836 188 836 184
906 710 906 720 910 720 910 710
669 724 669 733 678 733 678 724
313 98 313 106 314 106 314 98
303 567 303 567 312 567 312 567
547 846 547 848 549 848 549 846
20 542 20 552 26 552 26 542
0 241 0 246
0 386 0 386
0 241 1e-10 241
0 246 1e-10 246
1e-10 241 1e-10 246
2 424 2 426
3 335 3 335
5 503 5 509
5 474 5 481
6 240 6 247
7 540 7 540
7 723 7 726
7 514 7 519
7 790 7 798
2 424 7 424
2 426 7 426
7 424 7 426
8 302 8 306
3 335 8 335
3 335 8 335
8 335 8 335
9 367 9 370
9 367 9 367
9 370 9 370
9 367 9 370
7 540 10 540
7 540 10 540
10 540 10 540
0 386 10 386
0 386 10 386
10 386 10 386
5 474 10 474
5 481 10 481
10 474 10 481
11 229 11 235
11 459 11 463
12 779 12 784
11 229 12 229
11 235 12 235
12 229 12 235
7 723 13 723
7 726 13 726
13 723 13 726
14 216 14 225
5 503 14 503
5 509 14 509
14 503 14 509
6 240 14 240
6 247 14 247
14 240 14 247
12 779 15 779
12 784 15 784
15 779 15 784
8 302 16 302
8 306 16 306
16 302 16 306
7 790 16 790
7 798 16 798
16 790 16 798
7 514 17 514
7 519 17 519
17 514 17 519
18 360 18 368
14 216 18 216
14 225 18 225
18 216 18 225
18 360 18 360
18 368 18 368
18 360 18 368
19 717 19 727
19 610 19 614
19 757 19 761
19 717 19 717
19 727 19 727
19 717 19 727
11 459 19 459
11 463 19 463
19 459 19 463
20 276 20 283
20 84 20 89
20 542 20 552
19 610 20 610
19 614 20 614
20 610 20 614
22 18 22 23
20 276 22 276
20 283 22 283
22 276 22 283
24 975 24 983
26 182 26 186
26 780 26 786
19 757 26 757
19 761 26 761
26 757 26 761
20 542 26 542
20 552 26 552
26 542 26 552
27 642 27 647
27 237 27 247
27 670 27 679
27 670 27 670
27 679 27 679
27 670 27 679
28 402 28 410
26 182 28 182
26 186 28 186
28 182 28 186
20 84 28 84
20 89 28 89
28 84 28 89
26 780 28 780
26 786 28 786
28 780 28 786
29 733 29 737
29 232 29 236
24 975 29 975
24 983 29 983
29 975 29 983
28 402 29 402
28 410 29 410
29 402 29 410
30 997 30 1006
30 65 30 74
22 18 30 18
22 23 30 23
30 18 30 23
27 237 31 237
27 247 31 247
31 237 31 247
33 778 33 786
34 373 34 374
34 123 34 127
30 997 34 997
30 1006 34 1006
34 997 34 1006
35 365 35 366
29 232 35 232
29 236 35 236
35 232 35 236
33 778 35 778
33 786 35 786
35 778 35 786
27 642 36 642
27 647 36 647
36 642 36 647
37 91 37 92
34 373 37 373
34 374 37 374
37 373 37 374
34 123 37 123
34 127 37 127
37 123 37 127
29 733 38 733
29 737 38 737
38 733 38 737
30 65 39 65
30 74 39 74
39 65 39 74
40 98 40 101
41 161 41 170
41 161 41 161
41 170 41 170
41 161 41 170
42 10 42 11
40 98 42 98
40 101 42 101
42 98 42 101
35 365 43 365
35 366 43 366
43 365 43 366
44 454 44 461
44 952 44 956
45 565 45 566
45 383 45 391
45 507 45 516
37 91 46 91
37 92 46 92
46 91 46 92
42 10 46 10
42 11 46 11
46 10 46 11
45 565 47 565
45 566 47 566
47 565 47 566
45 383 48 383
45 391 48 391
48 383 48 391
44 952 48 952
44 956 48 956
48 952 48 956
45 507 48 507
45 516 48 516
48 507 48 516
51 547 51 553
51 920 51 923
44 454 51 454
44 461 51 461
51 454 51 461
52 33 52 40
52 763 52 770
54 521 54 528
54 396 54 403
54 567 54 575
52 33 54 33
52 40 54 40
54 33 54 40
55 272 55 282
54 567 55 567
54 575 55 575
55 567 55 575
52 763 56 763
52 770 56 770
56 763 56 770
57 865 57 875
55 272 57 272
55 282 57 282
57 272 57 282
51 920 57 920
51 923 57 923
57 920 57 923
60 681 60 685
60 156 60 165
60 387 60 390
51 547 60 547
51 553 60 553
60 547 60 553
61 819 61 820
60 156 61 156
60 165 61 165
61 156 61 165
62 127 62 131
62 724 62 731
62 660 62 666
54 396 62 396
54 403 62 403
62 396 62 403
60 681 63 681
60 685 63 685
63 681 63 685
54 521 64 521
54 528 64 528
64 521 64 528
57 865 64 865
57 875 64 875
64 865 64 875
62 127 64 127
62 131 64 131
64 127 64 131
60 387 64 387
60 390 64 390
64 387 64 390
65 976 65 978
67 980 67 990
62 724 67 724
62 731 67 731
67 724 67 731
65 976 67 976
65 978 67 978
67 976 67 978
69 161 69 168
67 980 69 980
67 990 69 990
69 980 69 990
61 819 69 819
61 820 69 820
69 819 69 820
70 463 70 463
71 591 71 601
62 660 71 660
62 666 71 666
71 660 71 666
73 169 73 176
73 778 73 783
74 87 74 92
70 463 75 463
70 463 75 463
75 463 75 463
76 82 76 87
74 87 76 87
69 161 76 161
69 168 76 168
76 161 76 168
73 778 76 778
73 783 76 783
76 778 76 783
73 176 77 176
77 176 77 182
77 602 77 604
73 169 77 169
77 169 77 176
71 591 77 591
71 601 77 601
77 591 77 601
76 82 78 82
78 82 78 87
80 352 80 357
80 352 80 352
80 357 80 357
80 352 80 357
78 87 80 87
74 92 80 92
80 87 80 92
81 972 81 982
82 62 82 62
85 136 85 141
82 62 85 62
82 62 85 62
85 62 85 62
86 558 86 567
77 176 86 176
77 182 86 182
86 176 86 182
87 588 87 594
77 602 87 602
77 604 87 604
87 602 87 604
86 558 87 558
86 567 87 567
87 558 87 567
88 449 88 456
89 167 89 170
89 20 89 29
89 459 89 459
89 500 89 508
81 972 89 972
81 982 89 982
89 972 89 975
89 979 89 982
89 975 89 975
89 979 89 979
89 975 89 979
88 449 89 449
88 456 89 456
89 449 89 456
89 459 90 459
89 459 90 459
90 459 90 459
89 500 91 500
89 508 91 508
91 500 91 508
87 594 92 594
92 594 92 597
92 109 92 116
92 597 92 597
92 594 92 597
89 20 92 20
89 29 92 29
92 20 92 29
89 167 93 167
89 170 93 170
93 167 93 170
94 888 94 898
94 351 94 355
85 136 95 136
85 141 95 141
95 136 95 141
94 351 96 351
94 355 96 355
96 351 96 355
87 588 96 588
92 594 96 594
96 588 96 594
97 528 97 533
97 971 97 976
98 136 98 141
94 888 98 888
94 898 98 898
98 888 98 898
97 971 98 971
97 976 98 976
98 971 98 976
92 109 98 109
92 116 98 116
98 109 98 116
98 136 99 136
98 141 99 141
99 136 99 141
100 274 100 279
100 46 100 56
100 955 100 958
101 932 101 941
102 654 102 660
102 654 102 654
102 660 102 660
102 654 102 660
103 692 103 696
97 528 104 528
97 533 104 533
104 528 104 533
100 274 105 274
100 279 105 279
105 274 105 279
101 932 105 932
101 941 105 941
105 932 105 941
106 536 106 546
106 782 106 788
100 46 106 46
100 56 106 56
106 46 106 56
107 623 107 624
108 327 108 333
108 98 108 105
100 955 108 955
100 958 108 958
108 955 108 958
109 929 109 939
110 828 110 837
103 692 110 692
103 696 110 696
110 692 110 696
112 668 112 675
108 327 112 327
108 333 112 333
112 327 112 333
109 929 112 929
109 939 112 939
112 929 112 939
106 536 112 536
106 546 112 546
112 536 112 546
110 828 114 828
110 837 114 837
114 828 114 837
107 623 115 623
107 624 115 624
115 623 115 624
108 98 115 98
108 105 115 105
115 98 115 105
106 782 115 782
106 788 115 788
115 782 115 788
117 813 117 823
117 888 117 894
118 89 118 97
118 89 119 89
118 97 119 97
119 89 119 97
120 730 120 739
120 123 120 127
120 123 120 123
120 127 120 127
120 123 120 127
121 364 121 370
121 942 121 949
121 145 121 152
121 394 121 401
121 942 121 942
121 949 121 949
121 942 121 949
120 730 121 730
120 739 121 739
121 730 121 739
112 668 121 668
112 675 121 675
121 668 121 675
123 131 123 136
123 834 123 843
124 660 124 666
124 8 124 15
121 364 124 364
121 370 124 370
124 364 124 370
121 145 124 145
121 152 124 152
124 145 124 152
117 888 125 888
117 894 125 894
125 888 125 894
124 660 125 660
124 666 125 666
125 660 125 666
124 8 125 8
124 15 125 15
125 8 125 15
123 834 125 834
123 843 125 843
125 834 125 843
126 292 126 295
126 34 126 37
126 984 126 990
127 486 127 487
127 789 127 794
117 813 127 813
117 823 127 823
127 813 127 823
127 486 127 486
127 487 127 487
127 486 127 487
121 394 128 394
121 401 128 401
128 394 128 401
129 367 129 372
130 238 130 244
127 789 130 789
127 794 130 794
130 789 130 794
130 238 131 238
130 244 131 244
131 238 131 244
133 699 133 704
126 292 133 292
126 295 133 295
133 292 133 295
123 131 133 131
123 136 133 136
133 131 133 136
129 367 134 367
129 372 134 372
134 367 134 372
126 984 134 984
126 990 134 990
134 984 134 990
135 368 135 369
135 633 135 637
135 18 135 27
135 284 135 292
135 633 135 633
135 637 135 637
135 633 135 637
136 962 136 970
135 368 136 368
135 369 136 369
136 368 136 369
126 34 136 34
126 37 136 37
136 34 136 37
135 284 136 284
135 292 136 292
136 284 136 292
137 279 137 279
137 93 137 99
137 140 137 148
133 699 137 699
133 704 137 704
137 699 137 704
137 279 140 279
137 279 140 279
140 279 140 279
137 140 140 140
137 148 140 148
140 140 140 148
141 668 141 670
142 703 142 708
143 36 143 39
144 52 144 53
144 902 144 902
144 299 144 309
136 962 144 962
136 970 144 970
144 962 144 970
135 18 144 18
135 27 144 27
144 18 144 27
144 52 145 52
144 53 145 53
145 52 145 53
142 703 147 703
142 708 147 708
147 703 147 708
144 902 147 902
144 902 147 902
147 902 147 902
137 93 147 93
137 99 147 99
147 93 147 99
148 821 148 831
143 36 148 36
143 39 148 39
148 36 148 39
150 813 150 820
151 714 151 724
141 668 151 668
141 670 151 670
151 668 151 670
154 753 154 761
154 3 154 11
154 437 154 439
154 606 154 613
154 753 154 753
154 761 154 761
154 753 154 761
151 714 154 714
151 724 154 724
154 714 154 724
144 299 154 299
144 309 154 309
154 299 154 309
155 0 155 1e-10
155 699 155 708
155 0 155 0
155 1e-10 155 1e-10
155 0 155 1e-10
156 60 156 70
156 834 156 836
156 385 156 386
156 218 156 223
148 821 156 821
148 831 156 831
156 821 156 831
154 437 156 437
154 439 156 439
156 437 156 439
158 375 158 375
158 507 158 516
159 338 159 343
159 345 159 352
158 375 159 375
158 375 159 375
159 375 159 375
156 60 160 60
156 70 160 70
160 60 160 70
150 813 160 813
150 820 160 820
160 813 160 820
161 319 161 324
161 948 161 953
156 834 161 834
156 836 161 836
161 834 161 836
154 606 161 606
154 613 161 613
161 606 161 613
158 507 162 507
158 516 162 516
162 507 162 516
163 694 163 699
155 699 163 699
163 694 163 694
163 694 163 699
154 3 164 3
154 11 164 11
164 3 164 11
156 385 164 385
156 386 164 386
164 385 164 386
161 948 165 948
161 953 165 953
165 948 165 953
163 699 165 699
155 708 165 708
165 699 165 708
166 777 166 780
156 218 166 218
156 223 166 223
166 218 166 223
167 966 167 966
159 338 167 338
159 343 167 343
167 338 167 343
168 921 168 927
159 345 168 345
159 352 168 352
168 345 168 352
169 551 169 558
169 917 169 921
168 921 169 921
169 551 169 551
169 558 169 558
169 551 169 558
170 199 170 209
170 582 170 585
170 199 170 199
170 209 170 209
170 199 170 209
161 319 171 319
161 324 171 324
171 319 171 324
172 48 172 53
172 803 172 810
172 856 172 864
167 966 172 966
167 966 172 966
172 966 172 966
173 245 173 250
168 927 173 927
173 925 173 927
174 376 174 384
174 151 174 156
166 777 174 777
166 780 174 780
174 777 174 780
175 310 175 320
175 208 175 215
175 672 175 682
175 310 175 310
175 320 175 320
175 310 175 320
170 582 175 582
170 585 175 585
175 582 175 585
174 151 175 151
174 156 175 156
175 151 175 156
175 672 176 672
175 682 176 682
176 672 176 682
175 208 177 208
175 215 177 215
177 208 177 215
172 803 177 803
172 810 177 810
177 803 177 810
169 917 178 917
173 925 178 925
178 917 178 925
174 376 178 376
174 384 178 384
178 376 178 384
172 856 178 856
172 864 178 864
178 856 178 864
172 48 181 48
172 53 181 53
181 48 181 53
173 245 182 245
173 250 182 250
182 245 182 250
183 867 183 873
183 867 183 867
183 873 183 873
183 867 183 873
184 307 184 309
185 912 185 920
186 242 186 248
185 912 187 912
185 920 187 920
187 912 187 920
186 242 187 242
186 248 187 248
187 242 187 248
188 982 188 985
188 485 188 492
188 345 188 348
189 240 189 249
188 982 190 982
188 985 190 985
190 982 190 985
184 307 192 307
184 309 192 309
192 307 192 309
194 255 194 262
194 338 194 345
188 345 194 345
188 348 194 348
194 348 194 348
194 675 194 675
189 240 194 240
189 249 194 249
194 240 194 249
195 580 195 583
195 172 195 179
188 485 195 485
188 492 195 492
195 485 195 492
194 338 195 338
194 348 195 348
195 338 195 345
195 348 195 348
195 348 196 348
196 348 196 352
196 126 196 126
196 866 196 873
195 345 196 345
196 345 196 346
197 295 197 304
196 346 197 346
196 352 197 352
197 346 197 352
198 549 198 559
198 526 198 526
199 168 199 172
195 172 199 172
199 465 199 472
194 255 199 255
194 262 199 262
199 255 199 262
196 126 199 126
196 126 199 126
199 126 199 126
196 866 199 866
196 873 199 873
199 866 199 873
200 573 200 574
200 516 200 522
198 549 200 549
198 559 200 559
200 549 200 549
200 549 200 559
200 573 200 573
200 574 200 574
200 573 200 574
197 295 201 295
197 304 201 304
201 295 201 304
202 620 202 625
194 675 202 675
194 675 202 675
202 675 202 675
195 179 203 179
203 179 203 188
203 513 203 513
203 627 203 629
203 633 203 633
203 219 203 225
195 580 203 580
195 583 203 583
203 580 203 583
203 173 203 178
204 330 204 330
198 526 204 526
198 526 204 526
204 526 204 526
205 555 205 560
203 173 206 173
206 173 206 177
206 872 206 877
199 168 206 168
206 168 206 170
207 458 207 465
199 465 207 465
203 178 207 178
203 188 207 188
207 178 207 188
208 254 208 261
204 330 208 330
204 330 208 330
208 330 208 330
200 516 208 516
200 522 208 522
208 516 208 522
209 96 209 103
203 219 209 219
203 225 209 225
209 219 209 225
202 620 209 620
202 625 209 625
209 620 209 625
199 472 209 472
209 466 209 472
200 549 210 549
200 549 210 549
210 549 210 549
203 627 210 627
203 629 210 629
210 627 210 629
207 458 210 458
209 466 210 466
210 458 210 466
203 513 211 513
203 513 211 513
211 513 211 513
203 633 211 633
203 633 211 633
211 633 211 633
208 254 211 254
208 261 211 261
211 254 211 261
206 170 212 170
206 177 212 177
212 170 212 177
205 555 213 555
205 560 213 560
213 555 213 560
206 872 213 872
206 877 213 877
213 872 213 877
209 96 214 96
209 103 214 103
214 96 214 103
215 801 215 810
217 897 217 897
217 716 217 717
215 801 217 801
215 810 217 810
217 801 217 810
218 281 218 289
219 550 219 556
219 651 219 654
217 897 219 897
217 897 219 897
219 897 219 897
220 270 220 271
218 281 220 281
218 289 220 289
220 281 220 289
221 929 221 932
221 840 221 844
222 946 222 956
224 612 224 622
224 871 224 880
219 550 224 550
219 556 224 556
224 550 224 556
217 716 224 716
217 717 224 717
224 716 224 717
221 929 225 929
221 932 225 932
225 929 225 932
219 651 225 651
219 654 225 654
225 651 225 654
226 375 226 381
226 646 226 652
220 270 227 270
220 271 227 271
227 270 227 271
228 989 228 996
222 946 228 946
222 956 228 956
228 946 228 956
224 612 229 612
224 622 229 622
229 612 229 622
226 375 229 375
226 381 229 381
229 375 229 381
224 880 230 880
230 880 230 886
230 856 230 865
221 840 230 840
221 844 230 844
230 840 230 844
226 646 230 646
226 652 230 652
230 646 230 652
228 989 231 989
228 996 231 996
231 989 231 996
224 871 233 871
233 871 233 879
230 856 233 856
230 865 233 865
233 856 233 865
234 936 234 936
235 944 235 947
236 761 236 764
235 944 237 944
235 947 237 947
237 944 237 947
238 732 238 742
240 63 240 69
233 879 240 879
230 886 240 886
240 879 240 886
241 904 241 908
240 63 241 63
240 69 241 69
241 63 241 69
242 919 242 927
242 385 242 385
242 385 242 385
242 385 242 385
242 385 242 385
236 761 243 761
236 764 243 764
243 761 243 764
244 727 244 732
238 732 244 732
234 936 244 936
234 936 244 936
244 936 244 936
238 742 244 742
244 734 244 738
244 739 244 742
245 342 245 349
245 83 245 90
244 727 245 727
244 734 245 734
245 727 245 734
245 90 247 90
247 90 247 95
249 109 249 114
249 375 249 379
249 109 249 109
249 114 249 114
249 109 249 114
250 285 250 288
250 890 250 890
241 904 250 904
241 908 250 908
250 904 250 908
251 282 251 285
250 285 251 285
244 738 251 738
244 739 251 739
251 738 251 739
242 919 251 919
242 927 251 927
251 919 251 927
251 282 251 282
251 282 251 285
245 83 251 83
251 83 251 90
252 582 252 584
250 890 252 890
250 890 252 890
252 890 252 890
253 118 253 126
253 566 253 567
254 526 254 534
254 939 254 945
255 170 255 178
245 342 255 342
245 349 255 349
255 342 255 349
251 90 255 90
247 95 255 95
255 90 255 95
256 439 256 443
252 582 256 582
252 584 256 584
256 582 256 584
254 939 256 939
254 945 256 945
256 939 256 945
249 375 256 375
249 379 256 379
256 375 256 379
257 408 257 413
251 285 257 285
250 288 257 288
257 285 257 288
258 617 258 617
255 170 259 170
255 178 259 178
259 170 259 178
253 118 260 118
253 126 260 126
260 118 260 126
254 526 260 526
254 534 260 534
260 526 260 534
261 242 261 251
253 566 261 566
253 567 261 567
261 566 261 567
261 242 262 242
261 251 262 251
262 242 262 251
256 439 263 439
256 443 263 443
263 439 263 443
258 617 263 617
258 617 263 617
263 617 263 617
264 499 264 506
264 292 264 294
264 292 265 292
264 294 265 294
265 292 265 294
266 392 266 401
267 776 267 785
267 776 267 776
267 785 267 785
267 776 267 785
257 408 267 408
257 413 267 413
267 408 267 413
268 427 268 435
269 804 269 814
264 499 269 499
264 506 269 506
269 499 269 506
266 392 269 392
266 401 269 401
269 392 269 401
271 403 271 411
272 393 272 402
272 661 272 667
274 498 274 504
268 427 274 427
268 435 274 435
274 427 274 435
272 661 274 661
272 667 274 667
274 661 274 667
275 121 275 128
271 403 275 403
271 411 275 411
275 403 275 411
269 804 275 804
269 814 275 814
275 804 275 814
276 17 276 17
276 798 276 798
276 956 276 958
272 393 276 393
272 402 276 402
276 393 276 402
278 351 278 361
279 923 279 933
280 153 280 156
280 439 280 448
276 956 280 956
276 958 280 958
280 956 280 958
281 533 281 535
282 234 282 244
282 334 282 334
283 786 283 794
276 17 283 17
276 17 283 17
283 17 283 17
275 121 283 121
275 128 283 128
283 121 283 128
276 798 284 798
276 798 284 798
284 798 284 798
280 439 284 439
280 448 284 448
284 439 284 448
278 351 284 351
278 361 284 361
284 351 284 361
274 498 284 498
274 504 284 504
284 498 284 504
285 699 285 707
285 481 285 485
285 683 285 691
282 334 285 334
282 334 285 334
285 334 285 334
280 153 285 153
280 156 285 156
285 153 285 156
279 923 285 923
279 933 285 933
285 923 285 933
285 683 285 683
285 691 285 691
285 683 285 691
281 533 288 533
281 535 288 535
288 533 288 535
289 937 289 940
285 699 290 699
285 707 290 707
290 699 290 707
282 234 290 234
282 244 290 244
290 234 290 244
291 310 291 310
283 786 291 786
283 794 291 794
291 786 291 794
293 232 293 238
293 220 293 226
293 293 293 293
293 380 293 383
293 220 293 220
293 226 293 226
293 220 293 226
294 677 294 677
294 549 294 551
294 57 294 63
294 549 294 549
294 551 294 551
294 549 294 551
295 309 295 310
291 310 295 310
291 310 295 310
295 310 295 314
295 722 295 728
293 232 295 232
293 238 295 238
295 232 295 238
285 481 295 481
285 485 295 485
295 481 295 485
297 522 297 528
289 937 297 937
289 940 297 940
297 937 297 940
294 57 297 57
294 63 297 63
297 57 297 63
298 335 298 336
298 387 298 395
298 387 298 387
298 395 298 395
298 387 298 395
293 380 298 380
293 383 298 383
298 380 298 383
299 901 299 908
300 426 300 426
301 207 301 207
301 205 301 207
301 207 301 207
301 207 301 207
301 207 301 210
299 901 301 901
299 908 301 908
301 901 301 908
294 677 301 677
294 677 301 677
301 677 301 677
293 293 301 293
293 293 301 293
301 293 301 293
302 521 302 522
297 522 302 522
298 335 302 335
298 336 302 336
302 335 302 336
303 47 303 52
303 374 303 382
303 567 303 567
295 309 303 309
295 314 303 314
303 309 303 314
302 521 303 521
303 521 303 522
295 722 303 722
295 728 303 728
303 722 303 728
305 117 305 119
303 522 305 522
297 528 305 528
305 522 305 528
303 52 307 52
307 52 307 56
307 892 307 892
301 205 307 205
301 210 307 210
307 205 307 207
307 207 307 210
307 207 308 207
307 207 308 207
308 207 308 207
300 426 309 426
300 426 309 426
309 426 309 426
303 47 309 47
309 47 309 48
303 374 309 374
303 382 309 382
309 374 309 382
307 892 309 892
307 892 309 892
309 892 309 892
310 897 310 901
305 117 310 117
305 119 310 119
310 117 310 119
309 48 310 48
307 56 310 56
310 48 310 56
303 567 312 567
303 567 312 567
312 567 312 567
313 59 313 61
313 685 313 689
313 98 313 106
313 98 314 98
313 106 314 106
314 98 314 106
315 131 315 134
316 174 316 181
310 897 316 897
310 901 316 901
316 897 316 901
316 174 318 174
316 181 318 181
318 174 318 181
313 685 318 685
313 689 318 689
318 685 318 689
319 615 319 625
315 131 319 131
315 134 319 134
319 131 319 134
320 503 320 508
320 878 320 886
320 108 320 114
320 30 320 31
320 108 320 108
320 114 320 114
320 108 320 114
322 561 322 566
322 483 322 487
313 59 322 59
313 61 322 61
322 59 322 61
324 807 324 812
325 519 325 521
320 30 325 30
320 31 325 31
325 30 325 31
327 41 327 46
319 615 327 615
319 625 327 625
327 615 327 625
325 519 327 519
325 521 327 521
327 519 327 521
328 691 328 699
322 561 328 561
322 566 328 566
328 561 328 566
320 878 328 878
320 886 328 886
328 878 328 886
328 691 329 691
328 699 329 699
329 691 329 699
320 503 330 503
320 508 330 508
330 503 330 508
327 41 330 41
327 46 330 46
330 41 330 46
324 807 330 807
324 812 330 812
330 807 330 812
331 430 331 435
322 483 331 483
322 487 331 487
331 483 331 487
332 592 332 592
334 1000 334 1001
332 592 334 592
332 592 334 592
334 592 334 592
336 920 336 930
334 1000 336 1000
334 1001 336 1001
336 1000 336 1001
338 972 338 972
336 920 338 920
336 930 338 930
338 920 338 930
339 509 339 517
331 430 339 430
331 435 339 435
339 430 339 435
342 64 342 65
343 930 343 939
338 972 343 972
338 972 343 972
343 972 343 972
344 951 344 952
344 57 344 60
343 930 344 930
343 939 344 939
344 930 344 939
345 274 345 274
346 325 346 325
346 165 346 169
344 951 346 951
344 952 346 952
346 951 346 952
348 570 348 570
349 588 349 596
349 409 349 414
349 539 349 542
339 509 349 509
339 517 349 517
349 509 349 517
346 325 349 325
346 325 349 325
349 325 349 325
350 390 350 393
342 64 350 64
342 65 350 65
350 64 350 65
352 564 352 570
348 570 352 570
348 570 352 570
352 570 352 573
352 961 352 961
349 588 352 588
349 596 352 596
352 588 352 596
353 973 353 982
353 973 353 973
353 982 353 982
353 973 353 982
344 57 353 57
344 60 353 60
353 57 353 60
352 564 354 564
352 573 354 573
354 564 354 573
345 274 354 274
345 274 354 274
354 274 354 274
355 697 355 703
356 645 356 648
356 181 356 189
346 165 356 165
346 169 356 169
356 165 356 169
349 409 356 409
349 414 356 414
356 409 356 414
352 961 356 961
352 961 356 961
356 961 356 961
357 476 357 478
357 424 357 427
349 539 357 539
349 542 357 542
357 539 357 542
358 443 358 447
358 926 358 929
358 866 358 869
357 476 358 476
357 478 358 478
358 476 358 478
356 645 359 645
356 648 359 648
359 645 359 648
355 697 360 697
355 703 360 703
360 697 360 703
350 390 360 390
350 393 360 393
360 390 360 393
358 866 361 866
358 869 361 869
361 866 361 869
362 246 362 247
363 773 363 776
356 181 363 181
356 189 363 189
363 181 363 189
358 443 364 443
358 447 364 447
364 443 364 447
357 424 366 424
357 427 366 427
366 424 366 427
358 926 366 926
358 929 366 929
366 926 366 929
367 334 367 334
363 773 367 773
363 776 367 776
367 773 367 776
368 919 368 924
369 27 369 31
371 857 371 863
371 106 371 108
368 919 371 919
368 924 371 924
371 919 371 924
372 156 372 158
362 246 372 246
362 247 372 247
372 246 372 247
371 857 372 857
371 863 372 863
372 857 372 863
373 276 373 281
376 820 376 825
376 496 376 501
371 106 376 106
371 108 376 108
376 106 376 108
367 334 377 334
367 334 377 334
377 334 377 334
369 27 377 27
369 31 377 31
377 27 377 31
376 820 377 820
376 825 377 825
377 820 377 825
373 276 377 276
373 281 377 281
377 276 377 281
378 650 378 655
378 39 378 44
378 414 378 415
372 156 378 156
372 158 378 158
378 156 378 158
379 767 379 768
378 650 379 650
378 655 379 655
379 650 379 655
376 496 380 496
376 501 380 501
380 496 380 501
381 35 381 39
378 39 381 39
381 678 381 679
378 414 381 414
378 415 381 415
381 414 381 415
383 553 383 559
383 424 383 424
383 475 383 478
384 421 384 424
383 424 384 424
383 424 384 424
384 424 384 430
384 178 384 188
383 553 384 553
383 559 384 559
384 553 384 559
378 44 384 44
384 39 384 44
381 678 384 678
381 679 384 679
384 678 384 679
386 269 386 276
379 767 386 767
379 768 386 768
386 767 386 768
387 454 387 458
388 56 388 56
388 144 388 149
388 403 388 407
388 308 388 313
381 35 388 35
384 39 388 39
388 35 388 39
383 475 388 475
383 478 388 478
388 475 388 478
389 471 389 478
388 56 389 56
388 56 389 56
389 56 389 56
388 144 390 144
388 149 390 149
390 144 390 149
384 421 390 421
384 430 390 430
390 421 390 430
391 494 391 503
391 83 391 87
384 188 392 188
392 188 392 195
393 539 393 548
387 454 393 454
387 458 393 458
393 454 393 458
392 195 393 195
393 188 393 195
388 308 393 308
388 313 393 313
393 308 393 313
394 946 394 954
393 539 394 539
393 548 394 548
394 539 394 548
384 178 394 178
393 188 394 188
394 178 394 188
391 83 395 83
391 87 395 87
395 83 395 87
388 403 395 403
388 407 395 407
395 403 395 407
386 269 395 269
386 276 395 276
395 269 395 276
394 946 396 946
394 954 396 954
396 946 396 954
398 488 398 494
391 494 398 494
398 295 398 299
398 547 398 550
391 503 398 503
398 495 398 503
398 547 398 547
398 550 398 550
398 547 398 550
399 20 399 25
389 471 399 471
389 478 399 478
399 471 399 478
400 32 400 34
400 973 400 973
400 350 400 355
400 209 400 219
401 769 401 771
401 467 401 473
402 750 402 759
402 802 402 802
402 886 402 891
402 390 402 394
403 439 403 447
403 231 403 235
398 488 403 488
398 495 403 495
403 488 403 495
402 390 403 390
402 394 403 394
403 390 403 394
399 20 403 20
399 25 403 25
403 20 403 25
404 559 404 560
400 973 404 973
400 973 404 973
404 973 404 973
403 231 404 231
403 235 404 235
404 231 404 235
402 802 405 802
402 802 405 802
405 802 405 802
401 467 406 467
401 473 406 473
406 467 406 473
400 209 406 209
400 219 406 219
406 209 406 219
400 32 407 32
400 34 407 34
407 32 407 34
408 777 408 783
408 333 408 333
408 228 408 233
408 358 408 366
398 295 408 295
398 299 408 299
408 295 408 299
403 439 408 439
403 447 408 447
408 439 408 447
402 750 408 750
402 759 408 759
408 750 408 759
400 350 408 350
400 355 408 355
408 350 408 355
409 934 409 942
409 346 409 353
401 769 409 769
401 771 409 771
409 769 409 771
410 382 410 388
410 539 410 548
410 480 410 488
408 777 410 777
408 783 410 783
410 777 410 783
410 539 410 539
410 548 410 548
410 539 410 548
408 228 410 228
408 233 410 233
410 228 410 233
409 934 410 934
409 942 410 942
410 934 410 942
404 559 410 559
404 560 410 560
410 559 410 560
411 414 411 415
411 862 411 867
411 414 411 414
411 415 411 415
411 414 411 415
402 886 411 886
402 891 411 891
411 886 411 891
412 995 412 998
408 358 412 358
408 366 412 366
412 358 412 366
415 505 415 515
408 333 415 333
408 333 415 333
415 333 415 333
416 722 416 724
411 862 416 862
411 867 416 867
416 862 416 867
417 764 417 764
417 324 417 329
417 357 417 362
417 923 417 933
410 382 417 382
410 388 417 388
417 382 417 388
409 346 419 346
409 353 419 353
419 346 419 353
410 480 420 480
410 488 420 488
420 480 420 488
417 324 421 324
417 329 421 329
421 324 421 329
415 505 421 505
415 515 421 515
421 505 421 515
412 995 421 995
412 998 421 998
421 995 421 998
422 754 422 758
422 523 422 527
422 862 422 869
417 357 422 357
417 362 422 362
422 357 422 362
416 722 423 722
416 724 423 724
423 722 423 724
424 778 424 784
425 875 425 885
417 923 426 923
417 933 426 933
426 923 426 933
422 862 426 862
422 869 426 869
426 862 426 869
417 764 427 764
417 764 427 764
427 764 427 764
422 754 428 754
422 758 428 758
428 754 428 758
429 675 429 679
429 798 429 798
429 380 429 389
431 285 431 293
431 627 431 634
422 523 431 523
422 527 431 527
431 523 431 527
425 875 431 875
425 885 431 885
431 875 431 885
429 675 432 675
429 679 432 679
432 675 432 679
431 627 432 627
431 634 432 634
432 627 432 634
429 380 432 380
429 389 432 389
432 380 432 389
433 335 433 339
424 778 433 778
424 784 433 784
433 778 433 784
434 365 434 365
434 810 434 813
429 798 434 798
429 798 434 798
434 798 434 798
435 251 435 253
435 777 435 780
435 648 435 654
433 335 435 335
433 339 435 339
435 335 435 339
434 810 435 810
434 813 435 813
435 810 435 813
436 706 436 707
434 365 436 365
434 365 436 365
436 365 436 365
431 285 436 285
431 293 436 293
436 285 436 293
437 416 437 422
439 998 439 999
435 780 439 780
439 780 439 789
439 279 439 284
435 777 439 777
439 777 439 780
437 416 440 416
437 422 440 422
440 416 440 422
439 998 441 998
439 999 441 999
441 998 441 999
436 706 441 706
436 707 441 707
441 706 441 707
439 780 442 780
439 789 442 789
442 780 442 789
435 251 442 251
435 253 442 253
442 251 442 253
443 633 443 634
435 654 443 654
443 654 443 659
439 279 443 279
439 284 443 284
443 279 443 284
444 837 444 842
444 837 444 837
444 842 444 842
444 837 444 842
443 659 444 659
444 654 444 659
445 514 445 515
435 648 445 648
444 654 445 654
445 648 445 654
447 485 447 488
448 849 448 857
443 633 449 633
443 634 449 634
449 633 449 634
448 849 449 849
448 857 449 857
449 849 449 857
450 714 450 718
452 916 452 923
454 720 454 722
445 514 454 514
445 515 454 515
454 514 454 515
452 916 454 916
452 923 454 923
454 916 454 923
447 485 454 485
447 488 454 488
454 485 454 488
455 996 455 998
454 720 455 720
454 722 455 722
455 720 455 722
456 705 456 707
456 521 456 525
459 809 459 814
450 714 459 714
450 718 459 718
459 714 459 718
455 996 459 996
455 998 459 998
459 996 459 998
461 565 461 571
462 817 462 826
464 548 464 556
456 521 464 521
456 525 464 525
464 521 464 525
465 375 465 376
456 705 465 705
456 707 465 707
465 705 465 707
461 565 465 565
461 571 465 571
465 565 465 571
459 809 466 809
459 814 466 814
466 809 466 814
467 908 467 918
462 817 470 817
462 826 470 826
470 817 470 826
471 386 471 387
471 856 471 856
464 548 471 548
464 556 471 556
471 548 471 556
472 54 472 60
467 908 472 908
467 918 472 918
472 908 472 918
465 375 472 375
465 376 472 376
472 375 472 376
475 818 475 824
475 950 475 954
475 265 475 265
472 54 475 54
472 60 475 60
475 54 475 60
476 377 476 384
478 691 478 699
471 386 478 386
471 387 478 387
478 386 478 387
476 377 478 377
476 384 478 384
478 377 478 384
478 699 479 699
479 699 479 705
479 344 479 347
479 862 479 871
478 691 479 691
479 691 479 696
480 384 480 386
481 615 481 622
475 818 481 818
475 824 481 824
481 818 481 824
471 856 481 856
471 856 481 856
481 856 481 856
475 950 483 950
475 954 483 954
483 950 483 954
484 90 484 93
484 90 484 90
484 93 484 93
484 90 484 93
479 862 484 862
479 871 484 871
484 862 484 871
485 237 485 245
475 265 485 265
475 265 485 265
485 265 485 265
487 665 487 674
487 555 487 561
487 964 487 965
487 964 487 964
487 965 487 965
487 964 487 965
479 696 487 696
479 705 487 705
487 696 487 705
479 344 488 344
479 347 488 347
488 344 488 347
481 615 488 615
481 622 488 622
488 615 488 622
489 65 489 71
480 384 489 384
480 386 489 386
489 384 489 386
490 792 490 795
491 976 491 982
491 185 491 192
493 925 493 931
493 382 493 387
487 665 494 665
487 674 494 674
494 665 494 674
495 960 495 962
495 312 495 321
485 237 495 237
485 245 495 245
495 237 495 245
487 555 496 555
487 561 496 561
496 555 496 561
490 792 496 792
490 795 496 795
496 792 496 795
489 65 496 65
489 71 496 71
496 65 496 71
497 806 497 813
493 382 498 382
493 387 498 387
498 382 498 387
499 239 499 240
499 963 499 966
497 806 499 806
497 813 499 813
499 806 499 813
491 976 499 976
491 982 499 982
499 976 499 982
491 185 499 185
491 192 499 192
499 185 499 192
500 603 500 611
500 261 500 268
495 312 500 312
495 321 500 321
500 312 500 321
501 536 501 538
501 622 501 623
501 767 501 772
499 239 501 239
499 240 501 240
501 239 501 240
499 963 501 963
499 966 501 966
501 963 501 966
502 694 502 694
502 323 502 323
502 491 502 493
502 275 502 278
493 925 502 925
493 931 502 931
502 925 502 931
502 323 502 323
502 323 502 323
502 323 502 323
495 960 503 960
495 962 503 962
503 960 503 962
504 726 504 728
504 34 504 40
500 603 504 603
500 611 504 611
504 603 504 611
501 536 504 536
501 538 504 538
504 536 504 538
502 491 504 491
502 493 504 493
504 491 504 493
505 491 505 493
505 687 505 693
501 767 506 767
501 772 506 772
506 767 506 772
500 261 506 261
500 268 506 268
506 261 506 268
507 896 507 898
507 33 507 34
504 34 507 34
507 340 507 341
507 336 507 340
507 340 507 340
507 341 507 341
507 341 507 344
507 896 507 896
507 898 507 898
507 896 507 898
507 336 507 336
507 344 507 344
507 336 507 344
509 44 509 44
504 40 509 40
509 37 509 40
502 275 509 275
502 278 509 278
509 275 509 278
509 44 510 44
509 44 510 44
510 44 510 44
502 694 510 694
502 694 510 694
510 694 510 694
501 622 511 622
501 623 511 623
511 622 511 623
512 976 512 980
512 735 512 739
507 33 512 33
509 37 512 37
512 33 512 37
513 194 513 201
513 499 513 507
505 491 513 491
505 493 513 493
513 491 513 493
512 735 513 735
512 739 513 739
513 735 513 739
504 726 513 726
504 728 513 728
513 726 513 728
514 641 514 649
514 276 514 277
505 687 514 687
505 693 514 693
514 687 514 693
514 276 514 276
514 277 514 277
514 276 514 277
515 401 515 410
513 499 515 499
513 507 515 507
515 499 515 507
516 823 516 828
516 360 516 360
512 976 516 976
512 980 516 980
516 976 516 980
516 823 516 823
516 828 516 828
516 823 516 828
515 401 517 401
515 410 517 410
517 401 517 410
518 112 518 122
518 773 518 779
518 544 518 546
520 513 520 519
520 761 520 771
520 761 521 761
520 771 521 771
521 761 521 771
514 641 521 641
514 649 521 649
521 641 521 649
516 360 521 360
516 360 521 360
521 360 521 360
518 544 521 544
518 546 521 546
521 544 521 546
513 194 522 194
513 201 522 201
522 194 522 201
523 569 523 579
523 569 523 569
523 579 523 579
523 569 523 579
518 112 525 112
518 122 525 122
525 112 525 122
518 773 526 773
518 779 526 779
526 773 526 779
528 914 528 914
528 475 528 475
529 660 529 664
520 513 529 513
520 519 529 519
529 513 529 519
531 446 531 451
531 563 531 568
533 676 533 679
533 560 533 563
531 563 533 563
533 303 533 306
533 303 533 303
533 306 533 306
533 303 533 306
528 475 534 475
528 475 534 475
534 475 534 475
531 446 534 446
531 451 534 451
534 446 534 451
535 768 535 772
535 600 535 601
528 914 535 914
528 914 535 914
535 914 535 914
529 660 535 660
529 664 535 664
535 660 535 664
536 644 536 644
536 432 536 438
535 600 536 600
535 601 536 601
536 600 536 601
537 878 537 879
536 644 537 644
536 644 537 644
537 644 537 644
537 878 538 878
537 879 538 879
538 878 538 879
531 568 539 568
539 564 539 568
540 64 540 73
535 768 540 768
535 772 540 772
540 768 540 772
541 301 541 304
541 503 541 513
541 503 541 503
541 513 541 513
541 503 541 513
542 499 542 506
542 344 542 349
533 560 542 560
539 564 542 564
542 560 542 564
542 499 542 499
542 506 542 506
542 499 542 506
533 676 543 676
533 679 543 679
543 676 543 679
536 432 543 432
536 438 543 438
543 432 543 438
540 64 544 64
540 73 544 73
544 64 544 73
546 404 546 411
546 480 546 483
547 898 547 904
547 280 547 289
547 846 547 848
548 418 548 421
541 301 549 301
541 304 549 304
549 301 549 304
547 898 549 898
547 904 549 904
549 898 549 904
547 846 549 846
547 848 549 848
549 846 549 848
550 414 550 414
551 157 551 163
546 404 551 404
546 411 551 411
551 404 551 411
542 344 551 344
542 349 551 349
551 344 551 349
552 749 552 756
552 914 552 921
552 4 552 14
550 414 552 414
550 414 552 414
552 414 552 414
553 311 553 320
553 523 553 529
553 961 553 967
553 961 553 961
553 967 553 967
553 961 553 967
552 749 554 749
552 756 554 756
554 749 554 756
551 163 556 163
556 163 556 172
556 674 556 674
546 480 556 480
546 483 556 483
556 480 556 483
551 157 556 157
556 157 556 163
548 418 557 418
548 421 557 421
557 418 557 421
556 674 557 674
556 674 557 674
557 674 557 674
547 280 557 280
547 289 557 289
557 280 557 289
552 4 557 4
552 14 557 14
557 4 557 14
558 628 558 636
558 627 558 628
558 628 558 628
552 914 558 914
552 921 558 921
558 914 558 921
559 827 559 832
559 603 559 612
560 205 560 211
559 827 560 827
559 832 560 832
560 827 560 832
561 744 561 747
553 311 561 311
553 320 561 320
561 311 561 320
553 523 562 523
553 529 562 529
562 523 562 529
563 806 563 812
563 718 563 723
563 189 563 197
563 892 563 899
564 397 564 404
565 61 565 69
565 79 565 84
565 146 565 150
556 163 565 163
556 172 565 172
565 163 565 172
566 155 566 164
566 10 566 15
563 812 566 812
566 807 566 812
558 636 567 636
567 635 567 636
568 859 568 868
566 155 568 155
566 164 568 164
568 155 568 164
558 627 568 627
567 635 568 635
568 627 568 635
559 603 568 603
559 612 568 612
568 603 568 612
560 205 569 205
560 211 569 211
569 205 569 211
565 79 569 79
565 84 569 84
569 79 569 84
570 839 570 849
563 892 570 892
563 899 570 899
570 892 570 899
561 744 570 744
561 747 570 747
570 744 570 747
571 910 571 917
571 8 571 10
566 10 571 10
563 718 571 718
563 723 571 723
571 718 571 723
563 189 571 189
563 197 571 197
571 189 571 194
571 194 571 197
572 991 572 997
572 214 572 216
568 859 572 859
568 868 572 868
572 859 572 868
573 87 573 89
573 532 573 542
570 839 573 839
570 849 573 849
573 839 573 849
566 15 573 15
573 14 573 15
565 61 574 61
565 69 574 69
574 61 574 69
564 397 574 397
564 404 574 404
574 397 574 404
565 146 574 146
565 150 574 150
574 146 574 150
572 214 574 214
572 216 574 216
574 214 574 215
574 215 574 216
575 852 575 854
571 910 575 910
571 917 575 917
575 910 575 917
572 991 575 991
572 997 575 997
575 991 575 997
563 806 575 806
566 807 575 807
575 806 575 807
576 869 576 875
576 249 576 253
575 852 576 852
575 854 576 854
576 852 576 854
571 194 577 194
571 194 577 194
577 194 577 194
573 87 577 87
573 89 577 89
577 87 577 89
576 249 578 249
576 253 578 253
578 249 578 253
579 747 579 753
574 215 579 215
574 215 579 215
579 215 579 215
571 8 580 8
573 14 580 14
580 8 580 14
573 542 580 542
580 533 580 542
581 262 581 272
581 757 581 765
582 231 582 240
576 869 582 869
576 875 582 875
582 869 582 875
583 905 583 912
583 587 583 592
583 587 583 587
583 592 583 592
583 587 583 592
584 85 584 94
581 757 584 757
581 765 584 765
584 757 584 765
585 345 585 346
586 198 586 204
579 747 586 747
579 753 586 753
586 747 586 753
587 866 587 876
573 532 587 532
580 533 587 533
587 532 587 533
585 345 587 345
585 346 587 346
587 345 587 346
582 231 588 231
582 240 588 240
588 231 588 240
589 529 589 534
589 948 589 950
589 948 589 948
589 950 589 950
589 948 589 950
581 262 590 262
581 272 590 272
590 262 590 272
586 198 590 198
586 204 590 204
590 198 590 204
592 459 592 459
589 529 592 529
589 534 592 534
592 529 592 534
592 459 592 459
592 459 592 459
592 459 592 459
584 85 593 85
584 94 593 94
593 85 593 94
583 905 593 905
583 912 593 912
593 905 593 912
594 569 594 574
595 967 595 973
587 866 596 866
587 876 596 876
596 866 596 876
597 559 597 563
594 569 597 569
594 574 597 574
597 569 597 574
598 247 598 250
598 334 598 337
600 483 600 483
595 967 600 967
595 973 600 973
600 967 600 973
601 805 601 806
602 153 602 163
603 148 603 149
604 341 604 351
598 247 604 247
598 250 604 250
604 247 604 250
597 559 604 559
597 563 604 563
604 559 604 563
605 284 605 290
606 758 606 758
604 341 606 341
604 351 606 351
606 341 606 351
607 376 607 385
602 153 607 153
602 163 607 163
607 153 607 163
603 148 607 148
603 149 607 149
607 148 607 149
598 334 608 334
598 337 608 337
608 334 608 337
609 740 609 740
609 828 609 835
600 483 609 483
600 483 609 483
609 483 609 483
601 805 610 805
601 806 610 806
610 805 610 806
611 705 611 705
606 758 611 758
606 758 611 758
611 758 611 758
605 284 612 284
605 290 612 290
612 284 612 290
611 705 612 705
611 705 612 705
612 705 612 705
607 376 613 376
607 385 613 385
613 376 613 385
616 407 616 416
618 335 618 341
609 740 618 740
609 740 618 740
618 740 618 740
616 407 619 407
616 416 619 416
619 407 619 416
609 828 619 828
609 835 619 835
619 828 619 835
620 271 620 279
621 186 621 188
618 335 621 335
618 341 621 341
621 335 621 341
622 160 622 163
623 4 623 7
623 375 623 380
625 706 625 716
625 971 625 976
625 971 625 971
625 976 625 976
625 971 625 976
627 222 627 224
627 222 627 222
627 224 627 224
627 222 627 224
628 149 628 152
620 271 628 271
620 279 628 279
628 271 628 279
625 706 630 706
625 716 630 716
630 706 630 716
622 160 630 160
622 163 630 163
630 160 630 163
628 149 630 149
628 152 630 152
630 149 630 152
631 481 631 483
623 375 631 375
623 380 631 380
631 375 631 380
621 186 631 186
621 188 631 188
631 186 631 188
623 4 632 4
623 7 632 7
632 4 632 7
633 184 633 193
633 974 633 982
633 184 633 184
633 193 633 193
633 184 633 193
635 651 635 659
631 481 636 481
631 483 636 483
636 481 636 483
635 651 636 651
635 659 636 659
636 651 636 659
637 199 637 199
639 242 639 248
641 829 641 839
641 182 641 189
641 608 641 617
641 829 641 829
641 839 641 839
641 829 641 839
633 974 641 974
633 982 641 982
641 974 641 982
641 182 643 182
641 189 643 189
643 182 643 189
647 94 647 104
641 608 647 608
641 617 647 617
647 608 647 617
637 199 647 199
637 199 647 199
647 199 647 199
648 551 648 559
639 242 649 242
639 248 649 248
649 242 649 248
650 550 650 551
648 551 650 551
648 559 650 559
650 559 650 559
650 506 650 513
652 224 652 232
652 156 652 161
653 106 653 114
653 124 653 134
650 550 653 550
650 559 653 559
653 550 653 559
654 948 654 955
654 690 654 696
655 900 655 910
654 948 655 948
654 955 655 955
655 948 655 955
656 375 656 385
656 51 656 53
656 375 656 375
656 385 656 385
656 375 656 385
653 124 657 124
653 134 657 134
657 124 657 134
647 94 657 94
647 104 657 104
657 94 657 104
658 206 658 216
659 613 659 621
653 106 660 106
653 114 660 114
660 106 660 114
650 506 660 506
650 513 660 513
660 506 660 513
656 51 660 51
656 53 660 53
660 51 660 53
652 224 660 224
652 232 660 232
660 224 660 232
654 690 660 690
654 696 660 696
660 690 660 696
652 156 661 156
652 161 661 161
661 156 661 161
655 900 662 900
655 910 662 910
662 900 662 903
662 903 662 910
663 728 663 736
659 613 663 613
659 621 663 621
663 613 663 621
664 504 664 505
662 903 665 903
662 903 665 903
665 903 665 903
664 504 665 504
664 505 665 505
665 504 665 505
658 206 665 206
658 216 665 216
665 206 665 216
666 84 666 86
666 133 666 135
666 84 666 84
666 86 666 86
666 84 666 86
667 607 667 614
667 655 667 663
669 724 669 728
663 728 669 728
670 421 670 428
670 557 670 560
670 749 670 758
663 736 670 736
670 733 670 736
670 421 671 421
670 428 671 428
671 421 671 428
666 133 671 133
666 135 671 135
671 133 671 135
672 742 672 749
670 749 672 749
673 173 673 182
667 607 673 607
667 614 673 614
673 607 673 614
667 655 673 655
667 663 673 663
673 655 673 663
674 446 674 454
670 557 674 557
670 560 674 560
674 557 674 560
675 906 675 914
673 173 677 173
673 182 677 182
677 173 677 174
677 180 677 182
678 866 678 871
678 863 678 866
678 866 678 866
678 871 678 871
678 871 678 871
670 758 678 758
678 751 678 758
669 724 678 724
670 733 678 733
678 724 678 733
679 373 679 377
680 381 680 382
680 832 680 835
677 174 680 174
677 180 680 180
680 174 680 180
674 446 680 446
674 454 680 454
680 446 680 454
672 742 681 742
678 751 681 751
681 742 681 751
675 906 681 906
675 914 681 914
681 906 681 914
684 906 684 912
685 949 685 956
685 277 685 281
686 147 686 156
686 882 686 883
680 832 686 832
680 835 686 835
686 832 686 835
687 821 687 826
687 805 687 813
687 483 687 484
687 984 687 990
685 949 687 949
685 956 687 956
687 949 687 956
679 373 687 373
679 377 687 377
687 373 687 377
688 36 688 45
678 863 688 863
678 871 688 871
688 863 688 871
680 381 689 381
680 382 689 382
689 381 689 382
687 483 689 483
687 484 689 484
689 483 689 484
687 984 689 984
687 990 689 990
689 984 689 990
690 621 690 629
690 926 690 926
686 147 690 147
686 156 690 156
690 147 690 156
684 906 690 906
684 912 690 912
690 906 690 912
686 882 690 882
686 883 690 883
690 882 690 883
691 443 691 448
687 821 691 821
687 826 691 826
691 821 691 826
692 23 692 32
688 36 692 36
688 45 692 45
692 36 692 45
694 326 694 336
690 621 694 621
690 629 694 629
694 621 694 629
685 277 694 277
685 281 694 281
694 277 694 281
695 408 695 408
695 961 695 962
687 805 695 805
687 813 695 813
695 805 695 813
695 961 695 961
695 962 695 962
695 961 695 962
696 629 696 636
692 23 696 23
692 32 696 32
696 23 696 32
690 926 696 926
690 926 696 926
696 926 696 926
697 430 697 431
691 443 697 443
691 448 697 448
697 443 697 448
698 832 698 838
697 430 698 430
697 431 698 431
698 430 698 431
699 68 699 72
699 785 699 786
694 326 699 326
694 336 699 336
699 326 699 336
698 832 699 832
698 838 699 838
699 832 699 838
700 6 700 8
700 820 700 829
699 68 700 68
699 72 700 72
700 68 700 72
701 956 701 963
701 956 701 956
701 963 701 963
701 956 701 963
700 820 701 820
700 829 701 829
701 820 701 829
696 629 702 629
696 636 702 636
702 629 702 636
703 999 703 1001
695 408 703 408
695 408 703 408
703 408 703 408
703 999 703 999
703 1001 703 1001
703 999 703 1001
704 796 704 805
705 75 705 85
707 722 707 725
708 549 708 553
709 209 709 219
708 549 709 549
708 553 709 553
709 549 709 553
699 785 709 785
699 786 709 786
709 785 709 786
710 965 710 971
710 50 710 51
700 6 710 6
700 8 710 8
710 6 710 8
709 209 710 209
709 219 710 219
710 209 710 219
710 965 711 965
710 971 711 971
711 965 711 971
704 796 711 796
704 805 711 805
711 796 711 805
712 450 712 453
712 932 712 938
712 555 712 560
712 6 712 13
707 722 714 722
707 725 714 725
714 722 714 725
705 75 714 75
705 85 714 85
714 75 714 85
715 815 715 821
715 511 715 513
716 122 716 127
716 563 716 566
716 122 716 122
716 127 716 127
716 122 716 127
710 50 716 50
710 51 716 51
716 50 716 51
712 453 717 453
717 453 717 461
717 786 717 791
712 555 717 555
712 560 717 560
717 555 717 560
718 346 718 352
716 563 719 563
716 566 719 566
719 563 719 566
720 849 720 852
720 925 720 928
712 450 720 450
720 450 720 451
721 878 721 885
718 346 721 346
718 352 721 352
721 346 721 352
720 451 721 451
717 461 721 461
721 451 721 461
721 878 721 878
721 885 721 885
721 878 721 885
715 815 721 815
715 821 721 821
721 815 721 821
712 932 722 932
712 938 722 938
722 932 722 938
712 6 722 6
712 13 722 13
722 6 722 13
723 23 723 25
717 786 723 786
717 791 723 791
723 786 723 791
715 511 724 511
715 513 724 513
724 511 724 513
725 370 725 374
725 450 725 451
725 51 725 55
725 384 725 384
725 370 725 370
725 374 725 374
725 370 725 374
726 8 726 9
720 925 726 925
720 928 726 928
726 925 726 928
725 450 727 450
725 451 727 451
727 450 727 451
728 337 728 342
728 342 728 342
728 342 728 346
729 714 729 721
729 441 729 449
730 483 730 492
720 849 730 849
720 852 730 852
730 849 730 852
725 384 730 384
725 384 730 384
730 384 730 384
731 911 731 921
731 430 731 433
732 174 732 182
732 531 732 535
732 174 732 174
732 182 732 182
732 174 732 182
725 51 732 51
725 55 732 55
732 51 732 55
723 23 732 23
723 25 732 25
732 23 732 25
733 735 733 736
728 346 733 346
733 342 733 346
734 701 734 704
734 223 734 228
726 8 734 8
726 9 734 9
734 8 734 9
732 531 734 531
732 535 734 535
734 531 734 535
731 911 734 911
731 921 734 921
734 911 734 921
736 995 736 1004
733 735 736 735
733 736 736 736
736 735 736 736
737 789 737 796
729 441 737 441
729 449 737 449
737 441 737 449
738 686 738 688
728 337 738 337
733 342 738 342
738 337 738 342
731 430 738 430
731 433 738 433
738 430 738 433
739 101 739 102
729 714 739 714
729 721 739 721
739 714 739 721
738 686 739 686
738 688 739 688
739 686 739 688
730 483 739 483
730 492 739 492
739 483 739 492
734 223 740 223
734 228 740 228
740 223 740 228
741 484 741 493
734 701 741 701
734 704 741 704
741 701 741 704
736 995 741 995
736 1004 741 1004
741 995 741 1004
743 607 743 614
744 251 744 258
737 789 744 789
737 796 744 796
744 789 744 796
739 101 746 101
739 102 746 102
746 101 746 102
741 484 746 484
741 493 746 493
746 484 746 493
747 38 747 42
747 532 747 540
747 532 748 532
747 540 748 540
748 532 748 540
749 618 749 621
749 249 749 249
751 279 751 280
751 920 751 925
751 569 751 569
744 251 751 251
744 258 751 258
751 251 751 258
751 920 751 920
751 925 751 925
751 920 751 925
743 607 751 607
743 614 751 614
751 607 751 614
752 347 752 349
752 322 752 326
753 898 753 898
753 812 753 817
753 495 753 500
753 481 753 485
753 495 753 495
753 500 753 500
753 495 753 500
755 107 755 116
755 4 755 10
747 38 755 38
747 42 755 42
755 38 755 42
756 84 756 87
755 107 756 107
755 116 756 116
756 107 756 116
756 84 756 84
756 87 756 87
756 84 756 87
757 981 757 982
753 898 757 898
753 898 757 898
757 898 757 898
752 322 757 322
752 326 757 326
757 322 757 326
749 249 757 249
749 249 757 249
757 249 757 249
758 142 758 151
749 618 759 618
749 621 759 621
759 618 759 621
752 347 759 347
752 349 759 349
759 347 759 349
751 279 759 279
751 280 759 280
759 279 759 280
751 569 759 569
751 569 759 569
759 569 759 569
760 332 760 334
761 822 761 831
761 358 761 360
753 812 761 812
753 817 761 817
761 812 761 817
755 4 761 4
755 10 761 10
761 4 761 10
760 332 761 332
760 334 761 334
761 332 761 334
763 106 763 111
753 481 763 481
753 485 763 485
763 481 763 485
764 582 764 592
764 635 764 637
764 297 764 307
757 981 764 981
757 982 764 982
764 981 764 982
764 635 764 635
764 637 764 637
764 635 764 637
764 297 764 297
764 307 764 307
764 297 764 307
765 531 765 535
765 750 765 759
765 374 765 376
765 957 765 964
761 822 765 822
761 831 765 831
765 822 765 831
761 358 765 358
761 360 765 360
765 358 765 360
766 182 766 190
766 631 766 638
758 142 766 142
758 151 766 151
766 142 766 151
765 374 766 374
765 376 766 376
766 374 766 376
767 85 767 90
767 600 767 604
766 182 767 182
766 190 767 190
767 182 767 190
763 106 768 106
763 111 768 111
768 106 768 111
767 85 769 85
767 90 769 90
769 85 769 90
765 957 770 957
765 964 770 964
770 957 770 964
767 600 771 600
767 604 771 604
771 600 771 604
764 582 772 582
764 592 772 592
772 582 772 592
773 198 773 208
773 944 773 945
765 531 773 531
765 535 773 535
773 531 773 535
773 198 773 198
773 208 773 208
773 198 773 208
765 750 774 750
765 759 774 759
774 750 774 759
766 631 774 631
766 638 774 638
774 631 774 638
775 667 775 667
773 944 775 944
773 945 775 945
775 944 775 945
777 717 777 724
777 717 777 717
777 724 777 724
777 717 777 724
778 237 778 245
778 389 778 395
779 156 779 157
778 237 779 237
778 245 779 245
779 237 779 245
780 686 780 695
780 283 780 284
781 850 781 852
779 156 781 156
779 157 781 157
781 156 781 157
783 664 783 667
775 667 783 667
775 667 783 667
783 667 783 667
778 389 783 389
778 395 783 395
783 389 783 395
784 437 784 438
784 317 784 321
783 667 784 667
784 667 784 667
781 850 784 850
781 852 784 852
784 850 784 852
785 382 785 391
780 283 785 283
780 284 785 284
785 283 785 284
787 629 787 636
787 191 787 191
785 382 787 382
785 391 787 391
787 382 787 391
783 664 787 664
784 667 787 667
787 664 787 667
789 195 789 203
789 398 789 399
780 686 789 686
780 695 789 695
789 686 789 695
789 203 791 203
791 203 791 205
789 195 791 195
791 195 791 199
784 437 791 437
784 438 791 438
791 437 791 438
787 191 792 191
787 191 792 191
792 191 792 191
784 317 792 317
784 321 792 321
792 317 792 321
793 270 793 270
793 129 793 139
794 993 794 999
794 814 794 823
787 629 794 629
787 636 794 636
794 629 794 636
794 814 795 814
794 823 795 823
795 814 795 823
791 199 795 199
791 205 795 205
795 199 795 205
797 760 797 768
797 543 797 544
793 270 797 270
793 270 797 270
797 270 797 270
793 129 797 129
793 139 797 139
797 129 797 139
798 320 798 326
789 398 798 398
789 399 798 399
798 398 798 399
799 234 799 235
799 541 799 543
797 543 799 543
797 544 799 544
799 544 799 548
797 760 799 760
797 768 799 768
799 760 799 768
794 993 800 993
794 999 800 999
800 993 800 999
801 977 801 984
801 733 801 740
801 645 801 649
802 743 802 748
799 548 802 548
802 548 802 557
798 320 803 320
798 326 803 326
803 320 803 326
804 761 804 768
801 733 805 733
801 740 805 740
805 733 805 740
801 645 805 645
801 649 805 649
805 645 805 649
806 122 806 130
806 871 806 874
802 743 806 743
802 748 806 748
806 743 806 748
804 761 806 761
804 768 806 768
806 761 806 768
802 557 807 557
807 548 807 557
808 394 808 400
799 234 808 234
799 235 808 235
808 234 808 235
801 977 808 977
801 984 808 984
808 977 808 984
806 122 808 122
806 130 808 130
808 122 808 130
799 541 809 541
807 548 809 548
809 541 809 548
810 608 810 614
810 626 810 628
810 626 810 626
810 628 810 628
810 626 810 628
806 871 810 871
806 874 810 874
810 871 810 874
811 129 811 129
813 523 813 531
808 394 813 394
808 400 813 400
813 394 813 400
811 129 814 129
811 129 814 129
814 129 814 129
816 655 816 665
816 771 816 778
816 771 816 771
816 778 816 778
816 771 816 778
813 523 817 523
813 531 817 531
817 523 817 531
810 608 818 608
810 614 818 614
818 608 818 614
819 862 819 863
819 998 819 1006
819 6 819 7
819 766 819 772
820 587 820 596
821 586 821 587
820 587 821 587
820 596 821 596
821 596 821 596
816 655 822 655
816 665 822 665
822 655 822 665
823 42 823 49
823 513 823 522
819 6 823 6
819 7 823 7
823 6 823 7
823 42 823 42
823 49 823 49
823 42 823 49
824 264 824 273
824 343 824 349
826 50 826 58
826 708 826 713
826 530 826 540
827 614 827 623
827 950 827 956
819 998 827 998
819 1006 827 1006
827 998 827 1006
819 766 827 766
819 772 827 772
827 766 827 772
828 726 828 733
824 264 828 264
824 273 828 273
828 264 828 273
819 862 828 862
819 863 828 863
828 862 828 863
827 614 828 614
827 623 828 623
828 614 828 623
829 42 829 42
826 50 829 50
826 58 829 58
829 50 829 58
826 713 830 713
830 713 830 714
830 887 830 895
823 513 830 513
823 522 830 522
830 513 830 522
831 184 831 188
824 343 831 343
824 349 831 349
831 343 831 349
821 586 831 586
821 596 831 596
831 586 831 596
827 950 831 950
827 956 831 956
831 950 831 956
828 726 831 726
828 733 831 733
831 726 831 733
834 716 834 724
826 708 834 708
834 708 834 710
826 530 835 530
826 540 835 540
835 530 835 540
834 716 836 716
834 724 836 724
836 716 836 724
834 710 836 710
830 714 836 714
836 710 836 714
831 184 836 184
831 188 836 188
836 184 836 188
837 292 837 301
837 757 837 765
829 42 838 42
829 42 838 42
838 42 838 42
837 292 839 292
837 301 839 301
839 292 839 301
840 709 840 714
830 887 840 887
830 895 840 895
840 887 840 895
837 757 841 757
837 765 841 765
841 757 841 765
842 707 842 709
840 709 842 709
844 438 844 440
844 438 844 438
844 440 844 440
844 438 844 440
845 910 845 911
847 669 847 676
840 714 847 714
847 710 847 714
849 376 849 386
842 707 850 707
847 710 850 710
850 707 850 710
852 354 852 363
852 202 852 212
852 721 852 724
852 854 852 862
849 376 852 376
849 386 852 386
852 376 852 386
852 721 852 721
852 724 852 724
852 721 852 724
853 377 853 381
847 669 853 669
847 676 853 676
853 669 853 676
852 854 853 854
852 862 853 862
853 854 853 862
854 628 854 631
845 910 855 910
845 911 855 911
855 910 855 911
856 21 856 22
856 923 856 925
852 202 856 202
852 212 856 212
856 202 856 212
856 923 857 923
856 925 857 925
857 923 857 925
858 997 858 1007
854 628 859 628
854 631 859 631
859 628 859 631
860 892 860 898
860 885 860 888
856 21 860 21
856 22 860 22
860 21 860 22
860 885 860 885
860 888 860 888
860 885 860 888
860 892 861 892
860 898 861 898
861 892 861 898
862 713 862 716
862 625 862 626
852 354 862 354
852 363 862 363
862 354 862 363
853 377 862 377
853 381 862 381
862 377 862 381
864 55 864 60
862 713 864 713
862 716 864 716
864 713 864 716
858 997 864 997
858 1007 864 1007
864 997 864 1007
866 529 866 537
867 388 867 390
864 55 867 55
864 60 867 60
867 55 867 60
868 414 868 417
868 87 868 89
869 148 869 148
869 290 869 297
869 330 869 340
869 456 869 456
870 804 870 804
869 456 870 456
869 456 870 456
870 456 870 456
872 218 872 220
862 625 872 625
862 626 872 626
872 625 872 626
869 290 872 290
869 297 872 297
872 290 872 297
874 806 874 812
874 259 874 267
870 804 874 804
870 804 874 804
874 804 874 804
866 529 874 529
866 537 874 537
874 529 874 537
867 388 874 388
867 390 874 390
874 388 874 390
875 957 875 958
875 135 875 144
875 864 875 871
874 806 875 806
874 812 875 812
875 806 875 812
868 87 875 87
868 89 875 89
875 87 875 89
869 330 876 330
869 340 876 340
876 330 876 340
872 218 876 218
872 220 876 220
876 218 876 220
877 70 877 71
877 749 877 749
868 414 878 414
868 417 878 417
878 414 878 417
869 148 878 148
869 148 878 148
878 148 878 148
874 259 878 259
874 267 878 267
878 259 878 267
879 285 879 292
877 749 879 749
877 749 879 749
879 749 879 749
875 864 879 864
875 871 879 871
879 864 879 871
880 668 880 672
880 463 880 463
877 70 881 70
877 71 881 71
881 70 881 71
882 774 882 774
880 463 882 463
880 463 882 463
882 463 882 463
883 538 883 540
880 668 883 668
880 672 883 672
883 668 883 672
884 263 884 265
875 957 884 957
875 958 884 958
884 957 884 958
875 135 885 135
875 144 885 144
885 135 885 144
886 967 886 974
886 669 886 669
879 285 886 285
879 292 886 292
886 285 886 292
883 538 886 538
883 540 886 540
886 538 886 540
882 774 888 774
882 774 888 774
888 774 888 774
886 669 889 669
886 669 889 669
889 669 889 669
891 697 891 703
893 575 893 581
884 263 893 263
884 265 893 265
893 263 893 265
886 967 893 967
886 974 893 974
893 967 893 974
895 735 895 744
896 836 896 846
897 720 897 721
891 697 897 697
891 703 897 703
897 697 897 703
893 575 898 575
893 581 898 581
898 575 898 581
899 416 899 419
895 735 899 735
895 744 899 744
899 735 899 744
900 366 900 373
901 702 901 712
896 836 901 836
896 846 901 846
901 836 901 846
897 720 902 720
897 721 902 721
902 720 902 721
901 702 904 702
901 712 904 712
904 702 904 712
905 967 905 975
906 710 906 720
907 26 907 29
899 416 907 416
899 419 907 419
907 416 907 419
900 366 907 366
900 373 907 373
907 366 907 373
908 471 908 474
906 710 910 710
906 720 910 720
910 710 910 715
910 716 910 720
911 424 911 434
912 111 912 112
912 638 912 648
905 967 912 967
905 975 912 975
912 967 912 975
913 860 913 865
913 705 913 715
910 715 913 715
910 716 913 716
913 715 913 716
911 424 914 424
911 434 914 434
914 424 914 434
912 638 914 638
912 648 914 648
914 638 914 648
908 471 914 471
908 474 914 474
914 471 914 474
912 111 915 111
912 112 915 112
915 111 915 112
916 718 916 718
916 136 916 138
916 686 916 688
917 807 917 810
917 523 917 525
907 26 917 26
907 29 917 29
917 26 917 29
918 727 918 737
918 991 918 997
918 483 918 493
918 745 918 748
913 860 918 860
913 865 918 865
918 860 918 865
916 718 918 718
916 718 918 718
918 718 918 718
918 991 918 991
918 997 918 997
918 991 918 997
919 255 919 258
919 338 919 338
918 727 919 727
918 737 919 737
919 727 919 737
916 136 919 136
916 138 919 138
919 136 919 138
920 922 920 932
917 807 920 807
917 810 920 810
920 807 920 810
918 745 920 745
918 748 920 748
920 745 920 748
918 483 921 483
918 493 921 493
921 483 921 489
921 492 921 493
913 705 922 705
913 715 922 715
922 705 922 715
919 255 922 255
919 258 922 258
922 255 922 258
923 378 923 379
920 922 923 922
920 932 923 932
923 922 923 932
924 494 924 498
916 686 924 686
916 688 924 688
924 686 924 688
919 338 924 338
919 338 924 338
924 338 924 338
925 832 925 832
925 778 925 783
926 150 926 157
925 832 926 832
925 832 926 832
926 832 926 832
917 523 926 523
917 525 926 525
926 523 926 525
923 378 926 378
923 379 926 379
926 378 926 379
925 778 926 778
925 783 926 783
926 778 926 783
921 489 927 489
921 492 927 492
927 489 927 492
928 484 928 490
929 598 929 602
929 544 929 548
924 498 929 498
929 498 929 500
929 598 929 598
929 602 929 602
929 598 929 602
929 500 929 500
929 498 929 500
928 484 929 484
928 490 929 490
929 484 929 490
930 774 930 775
930 469 930 473
926 150 930 150
926 157 930 157
930 150 930 157
930 774 930 774
930 775 930 775
930 774 930 775
931 299 931 308
933 206 933 206
924 494 933 494
929 498 933 498
933 494 933 498
929 544 933 544
929 548 933 548
933 544 933 548
931 299 934 299
931 308 934 308
934 299 934 308
933 206 934 206
933 206 934 206
934 206 934 206
930 469 934 469
930 473 934 473
934 469 934 473
935 280 935 281
935 972 935 975
936 177 936 180
937 252 937 262
938 153 938 160
939 92 939 96
939 92 940 92
939 96 940 96
940 92 940 96
941 548 941 554
941 631 941 640
942 926 942 935
942 304 942 305
935 972 942 972
935 975 942 975
942 972 942 975
936 177 942 177
936 180 942 180
942 177 942 180
943 843 943 845
935 280 943 280
935 281 943 281
943 280 943 281
945 538 945 546
945 538 945 538
945 546 945 546
945 538 945 546
942 304 945 304
942 305 945 305
945 304 945 305
938 153 945 153
938 160 945 160
945 153 945 160
946 588 946 590
937 252 946 252
937 262 946 262
946 252 946 262
947 895 947 905
942 926 947 926
942 935 947 935
947 926 947 935
941 631 947 631
941 640 947 640
947 631 947 640
948 374 948 383
946 588 948 588
946 590 948 590
948 588 948 590
949 155 949 161
949 131 949 137
941 548 949 548
941 554 949 554
949 548 949 554
950 292 950 302
943 843 950 843
943 845 950 845
950 843 950 845
951 384 951 388
949 131 951 131
949 137 951 137
951 131 951 137
952 178 952 184
953 833 953 840
949 155 953 155
949 161 953 161
953 155 953 161
948 374 953 374
948 383 953 383
953 374 953 383
950 292 954 292
950 302 954 302
954 292 954 302
955 814 955 822
947 895 956 895
947 905 956 905
956 895 956 905
953 833 957 833
953 840 957 840
957 833 957 840
958 119 958 126
951 384 959 384
951 388 959 388
959 384 959 388
955 814 960 814
955 822 960 822
960 814 960 822
961 398 961 407
962 370 962 372
962 999 962 1005
952 178 962 178
952 184 962 184
962 178 962 184
962 370 963 370
962 372 963 372
963 370 963 372
958 119 963 119
958 126 963 126
963 119 963 126
964 170 964 172
962 999 964 999
962 1005 964 1005
964 999 964 1005
965 904 965 904
965 195 965 200
965 901 965 904
965 904 965 904
965 904 965 904
965 904 965 908
961 398 965 398
961 407 965 407
965 398 965 407
964 170 965 170
964 172 965 172
965 170 965 172
966 849 966 852
967 607 967 610
965 901 967 901
965 908 967 908
967 901 967 904
967 904 967 908
968 611 968 612
967 607 968 607
967 610 968 610
968 607 968 610
969 865 969 868
969 795 969 804
967 904 969 904
967 904 969 904
969 904 969 904
970 282 970 285
968 611 970 611
968 612 970 612
970 611 970 612
970 282 972 282
970 285 972 285
972 282 972 285
965 195 972 195
965 200 972 200
972 195 972 200
973 366 973 369
975 39 975 46
973 366 975 366
973 369 975 369
975 366 975 369
976 603 976 608
976 972 976 972
966 849 976 849
966 852 976 852
976 849 976 852
969 795 976 795
969 804 976 804
976 795 976 804
977 639 977 641
978 698 978 707
978 863 978 864
977 639 978 639
977 641 978 641
978 639 978 641
969 865 979 865
969 868 979 868
979 865 979 868
980 639 980 647
981 920 981 924
981 207 981 217
976 603 981 603
976 608 981 608
981 603 981 608
982 613 982 620
980 639 983 639
980 647 983 647
983 639 983 647
975 39 983 39
975 46 983 46
983 39 983 46
978 698 984 698
978 707 984 707
984 698 984 707
981 924 985 924
985 924 985 926
981 207 985 207
981 217 985 217
985 207 985 217
976 972 986 972
976 972 986 972
986 972 986 972
978 863 986 863
978 864 986 864
986 863 986 864
987 682 987 689
987 552 987 556
989 877 989 877
981 920 989 920
989 920 989 920
990 157 990 165
982 613 990 613
982 620 990 620
990 613 990 620
991 284 991 284
987 682 991 682
987 689 991 689
991 682 991 689
992 336 992 339
992 845 992 850
987 552 992 552
987 556 992 556
992 552 992 556
993 823 993 823
994 491 994 491
992 845 994 845
992 850 994 850
994 845 994 850
994 491 994 491
994 491 994 491
994 491 994 491
995 99 995 108
993 823 995 823
993 823 995 823
995 823 995 823
989 877 995 877
989 877 995 877
995 877 995 877
989 920 995 920
985 926 995 926
995 920 995 926
997 389 997 394
991 284 997 284
991 284 997 284
997 284 997 284
998 622 998 629
990 157 998 157
990 165 998 165
998 157 998 165
1000 244 1000 253
992 336 1000 336
992 339 1000 339
1000 336 1000 339
995 99 1000 99
995 108 1000 108
1000 99 1000 108
998 622 1000 622
998 629 1000 629
1000 622 1000 629
997 389 1001 389
997 394 1001 394
1001 389 1001 394
1000 244 1004 244
1000 253 1004 253
1004 244 1004 253
